ds_index	size	processing_time	association_time
1	100k	21.7614901065826	11.919
1	100k	21.7614901065826	11.594
1	100k	21.7614901065826	11.687
1	100k	21.7614901065826	11.133
1	100k	21.7614901065826	11.271
1	10k	3.30778503417969	10.548
1	10k	3.30778503417969	10.524
1	10k	3.30778503417969	11.077
1	10k	3.30778503417969	10.756
1	10k	3.30778503417969	10.73
1	150k	40.7625777721405	12.093
1	150k	40.7625777721405	12.188
1	150k	40.7625777721405	13.059
1	150k	40.7625777721405	11.86
1	150k	40.7625777721405	12.001
1	200k	45.5724830627441	13.63
1	200k	45.5724830627441	14.988
1	200k	45.5724830627441	15.088
1	200k	45.5724830627441	13.735
1	200k	45.5724830627441	12.815
1	250k	80.5348761081696	12.751
1	250k	80.5348761081696	12.68
1	250k	80.5348761081696	12.329
1	250k	80.5348761081696	11.364
1	250k	80.5348761081696	11.486
1	25k	6.90281867980957	11.832
1	25k	6.90281867980957	11.714
1	25k	6.90281867980957	11.967
1	25k	6.90281867980957	11.585
1	25k	6.90281867980957	11.103
1	300k	78.494277715683	12.487
1	300k	78.494277715683	11.68
1	300k	78.494277715683	11.936
1	300k	78.494277715683	11.31
1	300k	78.494277715683	11.287
1	50k	11.292188167572	14.396
1	50k	11.292188167572	13.349
1	50k	11.292188167572	13.494
1	50k	11.292188167572	11.742
1	50k	11.292188167572	11.656
2	100k	20.3814573287964	11.934
2	100k	20.3814573287964	12.197
2	100k	20.3814573287964	12.17
2	100k	20.3814573287964	11.848
2	100k	20.3814573287964	11.609
2	10k	3.7276623249054	10.933
2	10k	3.7276623249054	10.965
2	10k	3.7276623249054	11.34
2	10k	3.7276623249054	10.746
2	10k	3.7276623249054	10.805
2	150k	43.5687129497528	12.323
2	150k	43.5687129497528	12.508
2	150k	43.5687129497528	13.018
2	150k	43.5687129497528	12.171
2	150k	43.5687129497528	12.247
2	200k	53.3986933231354	15.394
2	200k	53.3986933231354	14.139
2	200k	53.3986933231354	13.403
2	200k	53.3986933231354	12.489
2	200k	53.3986933231354	12.23
2	250k	64.7928438186646	12.587
2	250k	64.7928438186646	12.374
2	250k	64.7928438186646	12.363
2	250k	64.7928438186646	11.761
2	250k	64.7928438186646	11.818
2	25k	7.15923380851746	11.987
2	25k	7.15923380851746	11.964
2	25k	7.15923380851746	12.04
2	25k	7.15923380851746	11.476
2	25k	7.15923380851746	11.509
2	300k	95.9042949676514	12.251
2	300k	95.9042949676514	12.002
2	300k	95.9042949676514	12.173
2	300k	95.9042949676514	11.483
2	300k	95.9042949676514	11.655
2	50k	11.2538597583771	11.888
2	50k	11.2538597583771	11.941
2	50k	11.2538597583771	12.333
2	50k	11.2538597583771	11.475
2	50k	11.2538597583771	11.225
3	100k	22.1332771778107	12.235
3	100k	22.1332771778107	11.7
3	100k	22.1332771778107	12.137
3	100k	22.1332771778107	11.894
3	100k	22.1332771778107	11.757
3	10k	3.56948399543762	11.02
3	10k	3.56948399543762	11.147
3	10k	3.56948399543762	11.196
3	10k	3.56948399543762	10.636
3	10k	3.56948399543762	10.618
3	150k	40.8284394741058	12.3
3	150k	40.8284394741058	12.364
3	150k	40.8284394741058	12.897
3	150k	40.8284394741058	12.682
3	150k	40.8284394741058	11.86
3	200k	62.1362748146057	12.303
3	200k	62.1362748146057	13.039
3	200k	62.1362748146057	12.758
3	200k	62.1362748146057	12.025
3	200k	62.1362748146057	12.541
3	250k	65.4539077281952	12.481
3	250k	65.4539077281952	12.723
3	250k	65.4539077281952	12.914
3	250k	65.4539077281952	11.985
3	250k	65.4539077281952	12.073
3	25k	7.14873242378235	11.851
3	25k	7.14873242378235	11.828
3	25k	7.14873242378235	12.15
3	25k	7.14873242378235	11.526
3	25k	7.14873242378235	11.511
3	300k	98.336318731308	12.352
3	300k	98.336318731308	11.917
3	300k	98.336318731308	12.291
3	300k	98.336318731308	11.816
3	300k	98.336318731308	11.759
3	50k	12.0736057758331	14.743
3	50k	12.0736057758331	13.668
3	50k	12.0736057758331	12.74
3	50k	12.0736057758331	11.725
3	50k	12.0736057758331	11.585
4	100k	19.6723971366882	12.239
4	100k	19.6723971366882	12.285
4	100k	19.6723971366882	12.192
4	100k	19.6723971366882	11.823
4	100k	19.6723971366882	11.852
4	10k	3.36825609207153	10.545
4	10k	3.36825609207153	10.539
4	10k	3.36825609207153	11.042
4	10k	3.36825609207153	10.76
4	10k	3.36825609207153	10.653
4	150k	41.2451066970825	12.708
4	150k	41.2451066970825	12.581
4	150k	41.2451066970825	13.22
4	150k	41.2451066970825	12.643
4	150k	41.2451066970825	11.93
4	200k	85.6279883384705	12.437
4	200k	85.6279883384705	12.178
4	200k	85.6279883384705	12.39
4	200k	85.6279883384705	11.632
4	200k	85.6279883384705	11.546
4	250k	64.4277861118317	12.927
4	250k	64.4277861118317	12.543
4	250k	64.4277861118317	13.263
4	250k	64.4277861118317	12.005
4	250k	64.4277861118317	11.277
4	25k	7.34999370574951	12.121
4	25k	7.34999370574951	11.804
4	25k	7.34999370574951	12.119
4	25k	7.34999370574951	11.713
4	25k	7.34999370574951	11.452
4	300k	64.5950963497162	11.678
4	300k	64.5950963497162	11.76
4	300k	64.5950963497162	12.152
4	300k	64.5950963497162	12.404
4	300k	64.5950963497162	12.262
4	50k	12.4302091598511	12.444
4	50k	12.4302091598511	12.238
4	50k	12.4302091598511	12.368
4	50k	12.4302091598511	11.716
4	50k	12.4302091598511	11.486
5	100k	21.3586223125458	12.152
5	100k	21.3586223125458	12.389
5	100k	21.3586223125458	12.288
5	100k	21.3586223125458	11.613
5	100k	21.3586223125458	11.391
5	10k	3.6616313457489	11.204
5	10k	3.6616313457489	11.19
5	10k	3.6616313457489	11.45
5	10k	3.6616313457489	10.64
5	10k	3.6616313457489	10.826
5	150k	38.3692789077759	12.581
5	150k	38.3692789077759	12.264
5	150k	38.3692789077759	13.033
5	150k	38.3692789077759	12.172
5	150k	38.3692789077759	12.024
5	200k	69.5508320331573	12.421
5	200k	69.5508320331573	12.87
5	200k	69.5508320331573	13.08
5	200k	69.5508320331573	11.908
5	200k	69.5508320331573	12.289
5	250k	70.4269282817841	12.425
5	250k	70.4269282817841	11.644
5	250k	70.4269282817841	11.833
5	250k	70.4269282817841	11.297
5	250k	70.4269282817841	11.672
5	25k	6.84940719604492	12.711
5	25k	6.84940719604492	11.938
5	25k	6.84940719604492	12.066
5	25k	6.84940719604492	11.535
5	25k	6.84940719604492	11.667
5	300k	69.5514373779297	11.65
5	300k	69.5514373779297	11.852
5	300k	69.5514373779297	12.445
5	300k	69.5514373779297	11.912
5	300k	69.5514373779297	11.481
5	50k	11.2923293113708	13.232
5	50k	11.2923293113708	12.402
5	50k	11.2923293113708	14.332
5	50k	11.2923293113708	13.886
5	50k	11.2923293113708	12.937
