cell_type	AF	AID	BD	BMI	Cardiovas	cd	CKD	College_edu	glucose_q	HDL_q	Hypothyroidism	ibd	insominia	LDL_q	Lymphocyte_count	MDD	Monocyte_count	Nrt_new	RA	RBC	SBP	Scz_new	Smoking	T1D	T2D_2	TG_q	uc
Bladder.Basal bladder epithelial cell	0.00140420935476941	0.992122129656353	0.943432743897171	0.864527520121031	0.880482357944884	0.997408656120113	0.123537775966275	0.672832838889673	0.857293111552563	0.86407829061382	0.999313073310618	0.997407189204031	0.17321822256093	0.817612634918369	0.999995669795014	0.353459106738742	0.99999937692778	0.927990370594041	0.999823278732212	0.435592214079966	0.753543088425694	0.66341003715926	0.314867621356493	0.999997293357649	0.815390284486918	0.857056955157616	0.997411012932389
Bladder.Bladder mesenchymal cell	0.175462176873789	0.999832051130863	0.826943742056259	0.092684862949302	0.556596193481282	0.780405065546462	0.633916669336702	0.743380048860696	0.470001912039594	0.657833686549258	0.999521498756299	0.779978607992843	0.400112526584557	0.966778298869209	0.999973696191103	0.643220171650154	0.999716112689926	0.568184929229405	0.947761422412204	0.999998471785905	0.000475904278427367	0.478830951868583	0.229537354937947	0.619075155298006	0.922872419463044	0.475638325751276	0.780570142794479
Bladder.Luminal bladder epithelial cell	0.127449369365998	0.950920836520665	0.846281186095937	0.967804383822077	0.824509706834583	0.992321497578111	0.369026766870237	0.963567165822004	0.803491510578269	0.826478436181632	0.996070323385837	0.992300000502961	0.424694200046296	0.429703962475501	0.99998301262622	0.875042111055147	0.999998814345371	0.982372197976514	0.997805332190028	0.39333265058253	0.939456950183012	0.879005835975269	0.642435606136523	0.999822100129414	0.894213498333128	0.804868773859218	0.992337910825447
Brain_Myeloid.macrophage	0.950051449032151	6.37770258774392e-06	0.97882361173695	0.999646402282058	0.712933738321681	7.86167876554127e-09	0.883651934971523	0.999527470757004	0.103084828641673	0.0095744445533526	3.16000032832394e-07	7.72634066944962e-09	0.388135589465029	0.538397457979612	1.63887165697766e-08	0.999791601969354	2.65592764649191e-19	0.996053161236165	0.0185111372520408	0.0765871523940413	0.999527022543645	0.993566652123568	0.99170581693648	0.000337886341347627	0.984213103667572	0.10276371235484	7.93413164472349e-09
Brain_Myeloid.microglial cell	0.940082508766368	0.0262642157675409	0.98798062365906	0.96536597798001	0.326201275439729	0.0082786801069977	0.70387751828187	0.996448012834198	0.676368626120808	0.144687783083552	0.015579126235153	0.00824232696045972	0.631575490039642	0.811571812343852	0.00222332100478249	0.995354907834266	0.000110553181225638	0.96692830481993	0.553650858746495	0.545049709216072	0.880254229336379	0.940573517546101	0.937963216800328	0.0288394313985079	0.958246149151554	0.673340506216203	0.00828426209377656
Brain_Non-Myeloid.Bergmann glial cell	0.680011228565544	0.999824495239746	0.000317284850434444	9.15055433335433e-06	0.946746379337333	0.996969169705787	0.633344029422141	9.76355045849312e-09	0.993779536388616	0.990118597440893	0.999996617379705	0.996955856371654	0.215340156287471	0.999978669019895	0.999994646829772	2.04379463629001e-05	0.999999978642562	3.09358643855637e-07	0.999999995009011	0.999999997434749	0.746114330072635	1.38978588857973e-05	5.81026451414595e-07	0.948836255108174	0.956282795813732	0.99390932648451	0.996971543802289
Brain_Non-Myeloid.astrocyte	0.661953383787301	0.991990367405417	0.000366428093106341	1.43119847341848e-05	0.998279628678354	0.989826493955812	0.566197760606217	7.49738132193624e-08	0.904049117441493	0.878399970785528	0.999517332685563	0.989803248823112	0.358300357500431	0.999943944438431	0.999988534746347	0.00100353215484124	0.999999687249031	7.7106027922618e-07	0.99999879270294	0.999999999361491	0.835014329813164	0.00101255932862886	4.56006084756934e-06	0.890261113957949	0.940308041223619	0.906117390930297	0.989823483450677
Brain_Non-Myeloid.brain pericyte	4.45488940806917e-05	0.999651435530565	0.0553153401808893	0.00124980209679124	9.20682067265314e-09	0.988558566014198	0.00236230947851401	0.00646626027991097	0.0168293279573162	0.0305504289143178	0.99058629544051	0.988514603474341	0.00246884966235892	0.373684978520546	0.764267648781723	0.759624696539043	0.440196791817821	0.225282076310204	0.997703316807811	0.69751426348604	2.14173855369836e-17	0.808162547969628	0.368167958261709	0.997810448074963	0.844500940741633	0.0189347244809207	0.988564412005714
Brain_Non-Myeloid.endothelial cell	0.0242749228976355	0.943982200976908	0.904903279446511	0.916280855668423	0.0943485701911371	0.147061590299982	0.259356405484535	0.958033008127963	0.206600254799676	0.410714492467067	0.967137640446668	0.146880209581945	0.406798069204354	0.406578956593633	0.165010520965009	0.493910378392917	0.373175616819439	0.628343333341615	0.808948255810392	0.944644057527855	2.2458847694524e-05	0.906304046072525	0.621157000166797	0.712591318955	0.910292164054083	0.214830713414347	0.147198529539117
Brain_Non-Myeloid.excitatory neurons and some neuronal stem cells	0.738421955973262	0.999999905629466	1.05422293340966e-16	6.06704774750997e-31	0.510637182661491	0.999949284365925	0.198675524282013	1.05276651630797e-32	0.828092271484584	0.895415808864696	0.999999997960907	0.999949966560465	3.67659849731288e-07	0.999999971974854	0.999999999999875	2.03565231755163e-23	0.999999999999936	1.44179243308822e-21	0.999999994727095	0.999999994868254	0.734889159269996	8.03465179202886e-28	1.05339686547063e-19	0.999870134801773	0.0543790792743209	0.827118733093269	0.999949080955191
Brain_Non-Myeloid.inhibitory neurons	0.635007059873148	0.999999926274489	7.09117444892219e-18	7.38218235526284e-22	0.448170676517929	0.999641017683611	0.085799658419809	1.0427287442234e-32	0.97180543318523	0.938038226463846	0.999999897466821	0.999642451020444	1.33567375073417e-05	0.99999978695407	0.999999999999959	2.67638006910795e-21	0.999999999999862	1.29565322073356e-16	0.999999999607281	0.999999998451228	0.551572512032985	4.33630507544794e-22	7.26660669447895e-16	0.999965661629453	0.146259477519117	0.972922983488271	0.999640301459338
Brain_Non-Myeloid.oligodendrocyte	0.728325162455037	0.857358736893416	0.0133071569321068	0.00113636549928707	0.769200981844067	0.829155745251029	0.286942951560647	0.00235366223662585	0.44889869476252	0.423505422221	0.944047384647926	0.829186640608017	0.00153520550397787	0.950771228859124	0.999237631286519	0.00625204315512283	0.9385165027169	3.493307753058e-05	0.867839767632548	0.776204979595857	0.630928495528133	5.0223982888607e-05	0.000157230477957313	0.811235994747241	0.495069750342875	0.450351732762311	0.829084874811526
Brain_Non-Myeloid.oligodendrocyte precursor cell	0.886750234765031	0.999864953632479	2.79585510910586e-07	5.95685677826647e-17	0.879899491930044	0.999974392806326	0.652566470894114	2.2406544262222e-16	0.970848704259132	0.972222214898852	0.999999954688236	0.999974484195253	0.0148062051593561	0.999999886166086	0.999999999991489	9.59695486627882e-12	0.999999999999908	9.564733362722e-15	0.999999663601105	0.999999999979729	0.785197492778233	1.0461167199178e-14	2.56149532659457e-15	0.986573015103627	0.698954624803389	0.971932242536327	0.999974337959912
Fat.B cell	0.741822430603789	9.74033645914505e-23	0.958011668589652	0.992963896816286	0.570452738748133	1.95084757037682e-19	0.655356249183959	0.92529793809232	0.534568776976754	0.153685556256661	3.5183858723342e-23	1.95664423751267e-19	0.632985598404186	0.15776505459387	3.49456660396277e-24	0.275925075852954	2.5347562043316e-08	0.452654113912411	1.39362811413521e-28	0.496073970478551	0.951807295361207	0.692485959990794	0.77837944179449	1.5847384643321e-12	0.273762581780485	0.531330386384962	1.89570582266538e-19
Fat.T cell	0.574461578394381	1.2508922562049e-38	0.246939437573707	0.991853817689713	0.815742556381318	4.06451622885274e-23	0.897521567171889	0.892898215826375	0.990300997516102	0.619607342582317	2.03069962538011e-41	3.99610809113143e-23	0.790148617925074	0.709740308710666	8.87750024169313e-25	0.366066757831746	6.76395013043866e-05	0.863897335492388	6.83177414899975e-25	0.0469860596701214	0.998247864991377	0.91512504597775	0.958630050399403	1.04783158299898e-19	0.903633022515895	0.990494289090124	4.0091502855084e-23
Fat.endothelial cell	0.0802727224455643	0.942061131982929	0.895194162420129	0.922668321723731	0.000422800674439197	0.739267694150109	0.268880986251881	0.972352810467801	0.0926615430368078	0.00962441039664919	0.885784382536926	0.738796731311663	0.903675538013353	0.297654099134536	0.0010413003718626	0.637672575691104	0.0274413548205215	0.854590711173829	0.663968715913399	0.97828912871866	7.54308653828855e-07	0.982958018557588	0.993714784325904	0.533043415843518	0.820230940106651	0.0958051038993586	0.739512521703283
Fat.mesenchymal progenitor	0.1870032837556	0.999659878571154	0.974779518880761	0.730794789872394	0.608071812758801	0.80876990299083	0.832313398846182	0.984929196647059	0.648637133385393	0.875938720358825	0.999080423772797	0.808691562491617	0.782401022596083	0.964191347072036	0.99999624363872	0.753808234877067	0.998200269928656	0.804931469094144	0.991356529343995	0.999999861695573	0.000166906329940685	0.915186079943132	0.928090520774161	0.869483472997402	0.979692965689812	0.623450421390823	0.809063432409123
Fat.myeloid cell	0.925066551810405	6.82079307797812e-14	0.988418866336721	0.999999722091229	0.978226667379285	1.54738134972342e-17	0.824165872696385	0.99962672179567	0.313535998716732	0.00176923918886325	1.38459899084637e-14	1.48836973919124e-17	0.979959753672422	0.000418174577628263	1.3929759310605e-13	0.986593686553296	1.87094615864743e-27	0.976518818574237	6.5702599759614e-08	0.0111461990521234	0.999988887671573	0.984886288914129	0.995057367874621	4.58141513064191e-05	0.997075686066889	0.306722493186733	1.57719255050951e-17
Fat.natural killer cell	0.945714562914734	1.37626881655187e-14	0.98479072748109	0.999573887178476	0.991650119947859	7.49057695930533e-17	0.935075117118278	0.999937228773966	0.988645594915998	0.980826968208998	2.43551782205767e-15	7.30894166682349e-17	0.979386248310184	0.507426890775	1.0220057466622e-18	0.99992614647277	1.41722657380746e-06	0.997689302215276	1.3650148389358e-07	0.480895271234271	0.999770429411119	0.999898574220829	0.984765462787971	3.31450799155399e-07	0.982052048301308	0.988235568819873	7.54113556567666e-17
Heart.cardiac muscle cell	3.7228109808917e-06	0.999344707879392	0.646749665240248	0.678004247699394	0.0550989398055327	0.998706840041615	0.0373534315186046	0.477889207291349	0.154815902547099	0.450503225243934	0.999853783775526	0.998714645012323	0.062661886102401	0.583149719723059	0.992515872056282	0.705063508171486	0.995086594869792	0.874750778370665	0.999979816268992	0.694361206350991	0.0405136995120232	0.706375303825927	0.37748264621302	0.985571777520638	0.0644977797244753	0.163488051238686	0.998704132756423
Heart.endocardial cell	0.437132150466705	0.999351402211254	0.90209512949514	0.979281121022363	0.170466081018822	0.997334189783742	0.738422432334213	0.999977779246735	0.342389641337123	0.505810662664897	0.999896253799019	0.997348332884385	0.934755658579726	0.195338914162445	0.992940486898783	0.929461782612343	0.854012332926796	0.940033139280706	0.640243541705195	0.991234436474826	0.00273117079815849	0.994910968645436	0.97207201894455	0.786809794593947	0.991597123027492	0.351846098628063	0.997335837866018
Heart.endothelial cell	0.174441099545471	0.991286815277648	0.995151491888095	0.989590027012282	0.0148679450154022	0.9639698676639	0.291777026619918	0.973601728238779	0.52449036516051	0.111738759711507	0.973537514148804	0.963861448089617	0.883372204660162	0.70358561600974	0.0180711993655154	0.727271106214108	0.199413867780603	0.884415374875297	0.763486575683423	0.985166654549422	0.000107204845664673	0.981607975316509	0.996971490170956	0.654701328129758	0.628338341176012	0.533097173342476	0.964021846167375
Heart.erythrocyte	0.961460020102699	0.999981605689956	0.989645177528787	0.23179052536247	0.912038906436451	0.99539680869777	0.0742841164330347	0.098082522107527	0.986853645065246	0.983143772731202	0.999988855322716	0.995378029730744	0.332261714476507	0.993359515440926	0.999999974428956	0.0513604452406944	0.999961131181454	0.30863463506451	0.999957023546247	0.99999907738119	0.803322268447123	0.571592562110923	0.402561237021763	0.911226479306196	0.394393462441983	0.986959167797933	0.995405603962966
Heart.fibroblast	0.738747797770952	0.999998726121449	0.991214461396847	0.961409004273574	0.686573568598755	0.999884228702607	0.720795501251341	0.999989655022406	0.925934857115036	0.99916580389599	0.999999295044356	0.999884234407139	0.910561022680587	0.992108394012598	0.999999999239241	0.911496271918803	0.999997715653071	0.970795481763315	0.997965389370113	0.999999999154879	0.00178465375028419	0.997001015392835	0.992906077839068	0.943294719229693	0.946829569482711	0.920595763519754	0.999884352255034
Heart.leukocyte	0.832735153972843	6.11375455164491e-08	0.993771256956776	0.999997438210521	0.903954690779153	3.53108793970633e-09	0.770346599529053	0.999958583090823	0.105857115597538	0.00255118533397177	1.18283378114446e-06	3.47874126334255e-09	0.897114700900211	0.0131170942808224	1.11348136020306e-08	0.999251652684813	2.55984263582364e-18	0.988847180328882	0.000531295225737829	0.0851373777098281	0.997691356363507	0.993913990553835	0.99982387759799	0.000459786339151143	0.997178360926337	0.108492761035325	3.55548285347577e-09
Heart.myofibroblast cell	0.151752298154553	0.998890552761967	0.960949769573533	0.205710084327551	1.21343143621037e-05	0.999499811463117	0.0132640672605034	0.663235873717234	0.0620985783901303	0.276515445006045	0.992545021738324	0.999497372550014	0.159470636860979	0.693540889155401	0.517997427580478	0.609232344991395	0.20234032648651	0.786143926523429	0.984240356625506	0.998884368673774	9.36169952667366e-13	0.935725609657594	0.593989310188086	0.981731982504795	0.772906880071717	0.0649668297706459	0.999500977062994
Heart.professional antigen presenting cell	0.73384531935955	3.35682230726749e-14	0.936619631590206	0.970287204885185	0.98358260627657	2.17910840135589e-10	0.976425157320757	0.969786204854635	0.666673602866381	0.683414066357889	1.12086841678211e-19	2.13985470790808e-10	0.891683925510145	0.465335220324063	4.07945806003039e-09	0.55628062644244	9.22478349243812e-05	0.92363180449061	1.82294162157435e-09	0.635405589383275	0.999787000800828	0.633773840859377	0.938769051350236	3.55157887634309e-07	0.763105574332109	0.654769515854511	2.20127680041662e-10
Heart.smooth muscle cell	0.000109594698576839	0.999603158027125	0.610160531531718	0.0562657314507631	6.14877393335089e-06	0.998370355054849	0.00326485047682661	0.213388053123924	0.142346564191568	0.233697799262431	0.996104542234459	0.998375704802698	0.00391455341370358	0.807828656844125	0.947218362824481	0.697735148635736	0.789935836962616	0.744117962784151	0.998348180394067	0.985766191035918	1.84021212164788e-12	0.87626847466789	0.384196317816367	0.998982954095762	0.887780689060598	0.151390085984447	0.998364784957983
Kidney.endothelial cell	0.203444017481419	0.910713950191341	0.983658699612215	0.980420649889795	0.00551393588805924	0.887064147246465	0.152589465484684	0.99925342231485	0.49468915523877	0.235692663871558	0.891978989639164	0.886753950026587	0.817297161228968	0.356134972556389	0.0528652209307487	0.702823427505894	0.193173032812795	0.691953637509046	0.134619043473377	0.998754535715376	5.2843895647175e-07	0.898089412471699	0.910357362652817	0.359944131402557	0.939755829463326	0.498347339590127	0.887215269155688
Kidney.epithelial cell of proximal tubule	0.721882683824641	0.535493543294796	0.904909938201037	0.998905930438946	0.876430277607784	0.788987923812609	0.00721640114206085	0.998471109880655	0.154181673891389	0.507476689457695	0.953134174241495	0.788963295913668	0.513926293778096	0.199756008905738	0.975586923641165	0.934371550112593	0.799630525472581	0.952210002470032	0.788224934491819	0.735048391780717	0.985582338191676	0.977491409191824	0.995645098551915	0.7774560240768	0.821519560340886	0.157290101825745	0.788816162035644
Kidney.kidney collecting duct epithelial cell	0.964620778809935	0.447868046877221	0.742235100368413	0.500960829282779	0.011053569576618	0.993629701791883	5.57076247318802e-08	0.950753058224888	0.965060820206861	0.812093786936696	0.838948954646056	0.993648066860453	0.443921288040475	0.740382856736429	0.87253381677803	0.849363939594567	0.947317640124979	0.992597697494608	0.959299030750135	0.947482798957471	0.0130048688256611	0.903499945720219	0.874542562842613	0.910702070820002	0.342457239484719	0.964706955352816	0.993598966112785
Kidney.macrophage	0.609851290849237	5.62734348298717e-08	0.980137954281824	0.99998600077812	0.917928852762648	2.50702545792085e-15	0.583683065205775	0.998042364546821	0.120412707995532	0.0859256320598286	2.31623207072749e-08	2.47679007296782e-15	0.873002662715034	0.124833075630424	1.97947768340474e-08	0.913380164522395	7.28391823549336e-20	0.863888241775463	8.08251278734418e-06	0.165764949922205	0.999534693113042	0.992783793821242	0.999022579586199	5.80463450819154e-06	0.969284379511234	0.119898432073899	2.52895594601968e-15
Large_Intestine.Chromaffin Cell	0.725450246517713	0.990533446165294	0.036352527988186	1.07255689431523e-06	0.00140008402386345	0.998490901695912	0.0581606779386378	0.000375609348571092	0.393515264219733	0.670037685252788	0.999715492702843	0.998503671934031	0.473473526854005	0.601348707677233	0.999936121054004	0.0307571469253306	0.99998348215378	0.00152515165336876	0.999333243683382	0.999481069315734	0.261454045196594	0.00303598748995371	0.0446395283550376	0.883601997379963	0.0135673900127466	0.375671583661171	0.998490424582814
Large_Intestine.Enterocyte (Distal)	0.961097686113516	0.594656882164795	0.702132290574633	0.999658793408878	0.741090364844857	0.851875567872957	0.609721360225121	0.992391931427725	0.809390049741565	0.947047035220311	0.96058169541453	0.851587353994236	0.997917942873943	0.00872525866311165	0.895997626901832	0.999970895438791	0.869282587508765	0.999310003951683	0.805754838793826	0.157844862782135	0.616819218327183	0.985933752308692	0.736532888017824	0.669174344739041	0.924608519278266	0.814095087398937	0.851875258661947
Large_Intestine.Enterocyte (Proximal)	0.829309883130391	0.457095270594045	0.661208915065108	0.982964402818312	0.400210135914941	0.719049918314434	0.577498145168117	0.929909857149111	0.258624818282582	0.280546407880698	0.902795688848489	0.719068345569083	0.991137535485522	4.92699354517327e-06	0.656197002932555	0.999537782253382	0.717815481291959	0.99556316147007	0.755634979326037	0.00566936368583759	0.760614651206845	0.770368458518585	0.943118086571582	0.51354550469263	0.603480626368661	0.257735642482189	0.718936140018284
Large_Intestine.Goblet cell (Distal)	0.851314980952973	0.71388981284767	0.498305933249483	0.836803088787949	0.586998361851042	0.991129902273149	0.290195318969194	0.996861385983341	0.235882145911921	0.127855712159743	0.969658163457899	0.991111945393304	0.627852940438678	0.00118789488176104	0.998260897526598	0.999974206795629	0.992414839533077	0.947294915963364	0.65096188734586	0.0045505153508004	0.791313549117719	0.812772331408383	0.727149475930027	0.782984511845557	0.190722648602864	0.245348236205035	0.991140362548641
Large_Intestine.Goblet cell (Proximal)	0.803460328685574	0.612872948008785	0.714820938256261	0.325492233267632	0.0654585096028635	0.937450646604677	0.207592001018951	0.871192850345037	0.268242467603373	0.0896653978300132	0.96660354307004	0.93701696600743	0.516985618535822	0.00391497319130012	0.994392103639938	0.998586235927619	0.981563935095263	0.760309153976331	0.785104740720634	0.00937875347117729	0.368475418706696	0.550406836788399	0.447404525626465	0.819586650807062	0.0389483130654796	0.268369791848598	0.937593395059836
Large_Intestine.Goblet cell, top of crypt (Distal)	0.880328549100396	0.364794598896497	0.671070117460983	0.972124770921801	0.602933462817819	0.868636653112239	0.298732538521384	0.970486070497542	0.943732754030225	0.943496190024619	0.896447106843141	0.868275927124677	0.990182348923365	0.115984301102887	0.957545440612695	0.999600643929758	0.970905837251471	0.946601730639801	0.720123099279807	0.549843493317282	0.614771695717891	0.987305235046605	0.905076306740626	0.440607961661758	0.288134293096148	0.945989721164535	0.868830519332038
Large_Intestine.Lgr5+ amplifying undifferentiated cell (Distal)	0.911719959854259	0.966851936701074	0.812105405309754	0.680439814615721	0.438175418322041	0.999990417838185	0.0495618210048265	0.996264151538375	0.190972581238166	0.241582782891172	0.995184748654766	0.999990483921219	0.502475305934456	0.00658827701609813	0.999584713957864	0.997362899433965	0.99943910306842	0.97180078541889	0.883598072704369	0.00834024253813869	0.844106377743353	0.932835945832169	0.652371955096205	0.790703297820513	0.0349637277432967	0.195746882233287	0.999990435056681
Large_Intestine.Lgr5+ amplifying undifferentiated cell (Proximal)	0.694461933672753	0.995635685789916	0.737247667732935	0.762332989916578	0.366327505776802	0.99998767303113	0.247105458721727	0.990519652986268	0.278351195676591	0.654061811857425	0.995941503761455	0.999987784507605	0.670616719205982	0.00113215768966851	0.985450135900719	0.978776380601114	0.997445783821992	0.975427463161587	0.918310605601122	4.55160870665664e-05	0.7771281352828	0.819477798003905	0.788662064358778	0.868004932566373	0.0458229210659309	0.277131559998507	0.999987693988014
Large_Intestine.Lgr5+ undifferentiated cell (Distal)	0.779854412685355	0.992570392163556	0.768159569153042	0.861643283841525	0.800313160607767	0.99999581458857	0.132918623552378	0.996337470619048	0.272834742671766	0.411412799987016	0.995708504074569	0.999995838923242	0.862182584333887	0.00232938225832411	0.999879894314187	0.999789180657316	0.997725085590039	0.996733724894528	0.952710613854137	0.00381437147952503	0.894673739346567	0.973681999585649	0.719863426856542	0.8141792890356	0.142217145832917	0.27830114660453	0.999995818305544
Large_Intestine.Lgr5+ undifferentiated cell (Proximal)	0.639339627617555	0.932166771080942	0.900289336419997	0.883921508633522	0.369752481465255	0.999540541826275	0.336399852021102	0.996281875122142	0.532563040389957	0.609123751329654	0.956977623926922	0.999544007405905	0.936064459650583	5.48232190417346e-05	0.98806413720507	0.99837781784119	0.996420933861575	0.991912746076602	0.874750242017337	0.00156723673868993	0.747139778809389	0.926612014808582	0.905243301821864	0.802911664353243	0.168810343434986	0.528776459152619	0.999540491302595
Large_Intestine.Lgr5- amplifying undifferentiated cell	0.490788972248124	0.904764858605068	0.869218956887126	0.264394035665339	0.126459362456146	0.963831346159125	0.108892353113828	0.768584174960371	0.308008234395666	0.940745657096457	0.882697063704856	0.963867528423393	0.97174259785453	0.00356831289967348	0.815243562062915	0.941171939037551	0.99123767914093	0.956806254430497	0.529126633501355	0.0142706764216384	0.102512208804399	0.977553303305331	0.475520838558533	0.527491655306874	0.010799205389189	0.309962549029406	0.963762850259076
Large_Intestine.Lgr5- undifferentiated cell	0.878552614553007	0.368231545862806	0.893483704407229	0.341169882271627	0.224397321899993	0.674685569292419	0.192155951629958	0.880017123121416	0.879387328055085	0.983265273141888	0.598193276795238	0.673885754385621	0.954222747560146	0.0450450731276425	0.617580504804987	0.969211743116764	0.97689254399757	0.984245559929037	0.563395591228316	0.561407324322428	0.163484538839202	0.987247451819277	0.262391879437416	0.469418880309241	0.0058137681655547	0.881443760512679	0.675052014517425
Large_Intestine.Tuft cell	0.210685935193816	0.00503501073307066	0.29679955400573	0.00219565558841138	0.000442543125699761	0.000845807760186635	0.00497179840977252	0.0739417739188579	0.0528424431038885	0.0802912841488907	0.0362363258374082	0.000843503343860726	0.414371324183093	0.018891651068213	0.330409750840707	0.501431024695241	0.299690270012003	0.407269376824415	0.00152689460812314	0.0814393610108239	0.000702814632573617	0.00092361934615053	0.00741060998679437	0.000102722451333087	0.150835929478679	0.0526865421869602	0.000847779920716666
Limb_Muscle.B cell	0.575088980359965	3.8854744227944e-22	0.756779572573259	0.953248158303691	0.479465823867338	1.93415270997099e-24	0.671741953465948	0.827371336218973	0.194405232699546	0.144856952213899	6.39726074890935e-24	1.9043691606173e-24	0.57695485330128	0.0489029539302998	2.73464196645255e-23	0.315408782446943	2.54585121027529e-08	0.287061543871602	4.31644316921173e-31	0.0571111940774235	0.897435545453812	0.106071333989764	0.51864433976095	1.47707580831559e-11	0.0850536702808938	0.190916390506798	1.90363866571598e-24
Limb_Muscle.T cell	0.438118506177689	8.1023267955507e-30	0.0341405692222297	0.988221253677905	0.440087695572768	9.71740868877731e-17	0.32964695668363	0.920171941700854	0.869082190005365	0.90121867950867	7.42939819042052e-30	9.55104354192833e-17	0.727978939263779	0.445377873878391	3.45373461055613e-16	0.109929034643061	0.00115679147819912	0.516423577075682	1.07103817640544e-16	0.11033451811632	0.964157283972022	0.391805523623312	0.674289558378411	9.20677031818804e-15	0.71538607034538	0.869203381673725	9.64183485325207e-17
Limb_Muscle.endothelial cell	0.0528002329005213	0.761830097177685	0.812181619931828	0.943512566644039	0.00191787616792369	0.320737686270827	0.139937069523251	0.971838903390212	0.323974336009044	0.0708475567931235	0.620298540014698	0.320075337926404	0.792709437238217	0.266212539330385	0.00128303974771821	0.687341525449606	0.00923241920032025	0.838427685255004	0.501584238798836	0.984976418437341	5.89308769171664e-07	0.993180130583645	0.999265301699095	0.389623643058479	0.724550250724408	0.330257967483211	0.321061747226963
Limb_Muscle.lymphocyte	0.730121534839827	1.88671488103812e-28	0.738102736899894	0.999987091642031	0.837601796534673	3.14679959126403e-20	0.782837740648295	0.971992259153031	0.646031738472847	0.644146266003784	1.12691703781644e-32	3.10201386562833e-20	0.556718903948665	0.0603140688638089	3.9302144706527e-19	0.817590573517151	1.29776619086458e-05	0.734257327453068	3.83622343372579e-35	0.562970404657569	0.998944484656002	0.909618063528119	0.791089893516367	1.26776279141486e-10	0.390839144909883	0.64128654533297	3.110201280311e-20
Limb_Muscle.macrophage	0.809974456349785	9.45864221636821e-07	0.988336024434117	0.99999911714904	0.993883251094712	1.48417773755001e-10	0.661465861273374	0.999966279350296	0.168868778117643	0.0120918319461422	2.35558337833273e-07	1.46169237513468e-10	0.984374052283245	0.000484678730195572	9.88323386608279e-07	0.999849323960554	1.11256822149118e-13	0.995867860573868	0.000105967975413582	0.165002709667662	0.99971568192387	0.997875898033694	0.997493107575063	0.000656642426989343	0.999824940458883	0.167222992644207	1.49063937171087e-10
Limb_Muscle.mesenchymal stem cell	0.555589995603981	0.997800745164793	0.994936449899656	0.973271906347199	0.959417012822495	0.822234342393709	0.795928974539358	0.981409550321848	0.997170024202934	0.990917618704031	0.997375685590039	0.822311967180071	0.85406360160266	0.98883574467319	0.999992280650656	0.800889272725942	0.995762438118847	0.906932145283957	0.992047697675344	0.999999999948242	0.00987165445695296	0.999443883959312	0.985646323303429	0.868790331404645	0.995949895187919	0.996956198210605	0.822310969968653
Limb_Muscle.skeletal muscle satellite cell	0.105137538143689	0.85581165669599	0.875565957215073	0.42273381811244	0.85176968082094	0.0853605947649809	0.769362692604998	0.730816693402895	0.96240817792354	0.905630629481849	0.680476481817031	0.0850673032989536	0.380505624518803	0.926875015325781	0.845529046530004	0.220916761069227	0.450797695789462	0.795364627730809	0.977253554558135	0.956495253396201	0.173891555154028	0.858870249585521	0.770320729374374	0.660334684782458	0.559347944462316	0.962466803355552	0.0855255306738358
Limb_Muscle.skeletal muscle satellite stem cell	0.168189616950503	0.82880655548253	0.862158112346018	0.544272447217854	0.75829060812774	0.103102688106612	0.861319894853042	0.775740042074753	0.931751460947731	0.942494388551072	0.567488299397176	0.10295716748321	0.29839437035427	0.914644459608163	0.666882185278103	0.503899595385824	0.271915651371775	0.93322360549162	0.954003937742734	0.956697551227547	0.250232040068006	0.846459306310932	0.66713982054325	0.810259253652108	0.581709685227612	0.932340869728372	0.103188554339023
Liver.B cell	0.831683314832662	7.77318717893173e-12	0.626804478020487	0.97557715411427	0.258045227845331	8.90201717973944e-08	0.63052640834636	0.974994751865172	2.66653219466506e-05	9.67438100237323e-05	1.15579692354587e-08	8.91010302352358e-08	0.72240688879679	2.15449752457057e-06	5.4600638804823e-12	0.81993796037542	5.16256732965898e-06	0.679306316138428	1.48913617350176e-14	0.13971440992129	0.978085486304907	0.956601598530737	0.912967117675304	9.20481355824032e-08	0.446725944621758	2.81407012650517e-05	8.79248609733628e-08
Liver.Kupffer cell	0.961894832480629	0.0635657847475565	0.999689837031811	0.999996795014781	0.980029014504308	0.0605033135212502	0.540779247636813	0.999970720684143	0.000113812141619907	0.00867421750119413	0.361380406058587	0.0602973640283974	0.87734048110128	9.46512644755647e-06	0.196529734971673	0.999260620006686	0.00142786939145233	0.876211996503086	0.0280092855792034	0.666212347187384	0.999824155443831	0.999850287346355	0.994449247720087	0.105195408925634	0.998627434883827	0.000124284179497307	0.0606023339408413
Liver.NK/NKT cells	0.888720798378345	1.45409813168933e-18	0.638369205486618	0.994910954191783	0.80366268499382	2.24543070716976e-09	0.575380803386818	0.997639375068221	0.00598738006293138	0.189501666015406	9.80349704482981e-22	2.20874220644366e-09	0.872214213187025	8.72721825588958e-05	1.74325985103915e-11	0.987423341476824	0.000619128503525124	0.983507310756601	1.24125535151827e-08	0.0867731753249912	0.999873358684945	0.998745636166548	0.994752114825441	1.80779855343354e-07	0.89513484326717	0.00621464209682005	2.25342336008151e-09
Liver.endothelial cell of hepatic sinusoid	0.449744452167073	0.810105467982049	0.999136922654586	0.996557798553872	0.0836095297567889	0.997151088371098	0.0348575233825353	0.997149796538355	0.023345486513762	0.0710721278849149	0.819784859112897	0.997140059226158	0.994143767942909	0.016971954791325	0.552667495663064	0.762890320754237	0.380194661332782	0.886795069798296	0.66510517093183	0.980784261149332	0.0104424922158787	0.957238195111309	0.912862622984228	0.776025800450145	0.865642439917698	0.0237333432396423	0.997157095333052
Liver.hepatocyte	0.968121120776136	0.938898653406378	0.910966331938912	0.998597896017959	0.699884218098503	0.999879015497995	0.360519774803514	0.999562664065808	7.4198637605299e-10	2.43900729041434e-05	0.985431866674836	0.999879988889696	0.445204445263526	1.05202073834008e-10	0.999977393017995	0.982343684091003	0.977482482622456	0.967700631676254	0.976547365508608	0.266887251727275	0.975118884324288	0.999618051462938	0.989502657452325	0.899812338946605	0.684858544702315	8.39062871406786e-10	0.999878710512298
Lung.B cell	0.335688574669238	5.08295176204528e-18	0.940459058661399	0.996774511100792	0.553769828865648	9.27538256389079e-17	0.783596032380128	0.834680341481294	0.50475240481446	0.0478906120078456	2.48246316595744e-20	9.41803757541827e-17	0.731579901660085	0.419893513809716	1.77871532006933e-23	0.563275826493478	8.68099052219707e-09	0.906414015410885	1.00715633919808e-25	0.49580378948814	0.965543316717998	0.468661139646017	0.869506934569046	1.15042659890802e-12	0.25995582116902	0.495523740595966	8.88581466411292e-17
Lung.T cell	0.587510060752194	4.34606816988731e-26	0.143560746521913	0.97059834201165	0.838966336569745	8.37694368777268e-16	0.596993111094455	0.864358046739101	0.962947548780532	0.482728756794162	1.57309270803025e-30	8.22041875642209e-16	0.744441056988516	0.311179500858293	6.13486783843447e-21	0.559279862708591	0.000137203105738659	0.888713141473972	5.07699279897918e-21	0.0634089388075618	0.997775523582357	0.967516324056332	0.822440624867996	9.39806777011968e-21	0.797841788887487	0.962130664499153	8.35240487296e-16
Lung.alveolar epithelial type 1 cells, alveolar epithelial type 2 cells, club cells, and basal cells	0.88772111368975	0.565827426731192	0.761504092094588	0.931790873820872	0.519299031854584	0.855775003036564	0.0740968266306714	0.933164110616043	0.59196138074578	0.23957368748656	0.870055491111776	0.855411826742954	0.974738633616039	0.313998108270857	0.886875213906058	0.727291742602378	0.971944910859254	0.47408867105596	0.264028675669193	0.928357837380017	0.152975156654997	0.760357373145775	0.64792552211748	0.468943069037767	0.258041350894048	0.590703908308083	0.855986764701113
Lung.circulating monocytes	0.654251152539248	8.3897101179499e-08	0.888702390669408	0.884567290998977	0.315750796088103	1.70432755472988e-09	0.641096533807619	0.696359885615956	0.349934693368871	0.00078516871908543	2.96219856552947e-08	1.68133760596176e-09	0.969540487225839	0.0109176695380916	1.12176361106812e-18	0.797523404261609	2.88797728233333e-31	0.694227358149747	0.00485379753745015	2.63086657574205e-05	0.973583359838407	0.922231041546153	0.971186010663758	0.000236274389917618	0.87473190907892	0.345227058374779	1.71745454823343e-09
Lung.dendritic cells, alveolar macrophages, and interstital macrophages	0.86288017314082	3.02180049712191e-21	0.856677842979322	0.9999802647544	0.921186434882348	2.6369561186938e-12	0.940892052304223	0.999607965917627	0.304373277643106	0.129744689472325	9.75829909894429e-26	2.56928178164731e-12	0.973564606244517	0.00521388804662352	3.27521684629168e-14	0.969640072753985	1.41728208928609e-13	0.951797914578271	1.68094862478638e-09	0.117657450603292	0.999989992024461	0.799288521772312	0.982101960457116	1.21631260533917e-06	0.900961485901413	0.29030104848983	2.66021060693977e-12
Lung.invading monocytes	0.936425342157621	1.28851997429835e-06	0.980428222371136	0.999984722196584	0.963264609295985	6.46285707569986e-07	0.449108762835473	0.999928809142647	0.802278985861356	0.00213875619163618	5.84167056719496e-07	6.38870574109398e-07	0.952065436345813	0.0119240556899402	7.90945586409067e-12	0.996470849622096	1.27393387065843e-28	0.964268816758545	0.00311818362731224	0.000128261856550306	0.999911015093409	0.953025024874643	0.999687513680326	0.00015260347692929	0.999447078418634	0.804193974411406	6.4658994430702e-07
Lung.lung endothelial cell	0.332832491072557	0.898097475695599	0.880368369671436	0.914320165500324	0.00207135633599721	0.870505769271583	0.264881617963521	0.993914167943356	0.710952478912405	0.0313295577361688	0.743524630358603	0.870106047554681	0.932467828647578	0.258119997246027	0.0127572559240265	0.733192962863392	0.0444096200221126	0.523317509382276	0.294309788472194	0.99222152094538	1.47480869335557e-05	0.321749592545987	0.844606129384103	0.616355023658623	0.89562241494159	0.72289162258898	0.870693824778881
Lung.mast cells and unknown immune cells	0.926557035590654	0.0401195271625639	0.999961079542249	0.999969256685014	0.999795798525335	3.8848358802606e-07	0.759498142522345	0.999064955848273	0.926099154146131	0.520322249298621	0.206408321809383	3.8581595954636e-07	0.931275518559649	0.0526580724635275	0.000172126326302765	0.990646813302919	2.98753047457651e-11	0.917755712653224	0.0761818609331019	0.0797692326524899	0.999999992409276	0.999986074724553	0.999765679884045	0.356694857627395	0.958740517445851	0.927106269711369	3.90092439713937e-07
Lung.multiciliated cells	0.885966348836384	0.993170665090685	0.989165251676778	0.854853723949459	0.796309651329052	0.999748951222096	0.510692984972137	0.386939707726429	0.997185664838052	0.991038046338319	0.955413506163701	0.999750980528255	0.920547718778706	0.921867193193007	0.995928359593349	0.9134606678934	0.995994671917219	0.915856892479911	0.902648710407079	0.468932785665348	0.999590886739001	0.924985668670288	0.897992935113489	0.906216286969627	0.611449049307238	0.99680561319634	0.99974833541335
Lung.natural killer cell	0.850820156624423	2.40871236977465e-11	0.853064252207334	0.983324833452747	0.9857336278442	8.26559715075268e-12	0.851483127099809	0.999927051600855	0.90423288031609	0.946215219542248	2.29083463368307e-13	8.13731622728479e-12	0.991260729515121	0.239395797491283	2.58707403269498e-17	0.998370499261903	1.72314699512035e-07	0.999018497461572	2.21328709723172e-07	0.262293359056263	0.998985978868839	0.999479326712165	0.965379138263547	0.000115515368866216	0.95708624415367	0.899908448319215	8.25999280938947e-12
Lung.stromal cell	0.240087322611935	0.999888635989817	0.998432819964132	0.5353606936324	0.215436885405703	0.909278904981041	0.401485671204294	0.998583617273079	0.466432313055791	0.938553934443851	0.999090049843166	0.909104356110209	0.807046751780399	0.784760430270202	0.999951985789687	0.490168201285728	0.999550894092124	0.789852933444408	0.997331576173144	0.999999996562742	2.46702430968521e-07	0.988177797986138	0.977520863916947	0.822836363579187	0.916370097740145	0.470052779676526	0.909410826810435
Mammary_Gland.basal cell	0.385583729881074	0.992034591226977	0.749586041472746	0.772617963190957	0.946185948497265	0.937944445201251	0.604225626061888	0.361046175122709	0.983197303727776	0.827416397664676	0.974107208621354	0.937810236946846	0.967263087923371	0.591919236814768	0.999589709560785	0.0776846101863375	0.999181563568266	0.224859049759608	0.828623128157234	0.860425665798472	0.0595746142119885	0.612214935381766	0.369319791485602	0.937957833399908	0.81389954622704	0.984466196219177	0.937977607070578
Mammary_Gland.endothelial cell	0.0187979193943002	0.541913127837546	0.770906741001376	0.965994964501133	0.0154069051437721	0.141216911517239	0.147732869289907	0.971467671230398	0.492198861600553	0.126200307955451	0.642592259303125	0.140668648104515	0.859726541802288	0.0940830084290375	0.000697205881580435	0.682091924750275	0.00352547225907182	0.989711275668485	0.297498344694637	0.97988665815561	1.40266735483611e-06	0.988821116815951	0.951313602449574	0.156985291925817	0.801541148612846	0.496822594869879	0.141492068140684
Mammary_Gland.luminal progenitor	0.518826721800251	0.613487247032714	0.939101851536746	0.980437667447728	0.987524455132482	0.778981303273697	0.108612276371185	0.992290048651924	0.560754246836875	0.873529265558202	0.989728038153079	0.778908350969753	0.9983970998904	0.162402747973832	0.999864904194475	0.560669555359329	0.986730701537946	0.966573611563734	0.369327980438236	0.228782358192384	0.799932396866761	0.991824089670157	0.829908074824995	0.893119152142324	0.57911081550907	0.570287675663984	0.778877942158235
Mammary_Gland.mature luminal cell	0.390156659594746	0.0274141847739782	0.193206256167839	0.459036885228782	0.365172457450451	0.904101979820444	0.375582597155876	0.955731153208802	0.0258911449762951	0.000195550646266185	0.288937259126203	0.90425803188709	0.73881949942472	0.0017855411891968	0.37619805474011	0.855738914613698	0.728317136185742	0.457807885199827	0.459701071623816	0.00136668266252678	0.138102632826622	0.230342591736822	0.971417673331324	0.321318142516382	0.187796567675878	0.0250173437156976	0.904117357441569
Mammary_Gland.stromal cell	0.185949836578637	0.996091127378344	0.997491550331104	0.959738910005526	0.841264447929958	0.717560197741445	0.48374998524486	0.952937167605709	0.981648201760232	0.972726640833214	0.995376569844379	0.717169150402012	0.966489402298854	0.974647927159855	0.999916161455472	0.854937447741028	0.998856923524807	0.874555044811405	0.901268854361674	0.999999999860455	0.000196477406537041	0.982966489908048	0.962632236478146	0.82499332842626	0.987074363973951	0.981181981428264	0.717872385207811
Marrow.Cd3e+ Klrb1+ B cell	0.242943417274987	1.19619308514177e-30	0.338052665399623	0.990345896107336	0.90530791371991	6.51644601256122e-20	0.892604831863947	0.930945644750444	0.413896678574248	0.187377471374181	2.79102830729175e-35	6.52112912052751e-20	0.39499592547314	0.00705440159220418	1.19819550314819e-35	0.818607182106556	4.71153121681724e-13	0.919066748262511	2.90319310895168e-24	6.18875488626956e-06	0.999964887873952	0.597106462818616	0.997094828869698	9.23746977830399e-14	0.101460987348261	0.404000065385582	6.36939114990765e-20
Marrow.Dntt+ late pro-B cell	0.337945120098371	0.00234687340860162	0.0268833666595446	0.918775600582457	0.646893900345967	0.182616284005126	0.814599091118533	0.155233477269438	0.0502459485862847	0.651252435644175	0.00020097255913184	0.183604932571973	0.124096627142873	0.197406554692354	6.81162996929599e-09	0.307737088254847	0.000134682667533191	0.842711747316338	6.35133482360698e-07	7.66624657300883e-11	0.990735182222777	0.0445146763255444	0.816586198290029	0.0198300647811019	0.0116237223472293	0.0513811604615747	0.181509902164455
Marrow.Dntt- late pro-B cell	0.187754252300038	0.0193995341201624	0.0193914189033527	0.825597172892925	0.596234280966786	0.185055908258981	0.861666779849671	0.108965245465736	0.0257357839235803	0.498735108568978	0.00141356959734629	0.18645073753877	0.121736875295176	0.242187243759833	5.55641699447843e-07	0.152272040415717	0.002141397832415	0.809009957633018	1.89977136014538e-05	6.93234286998759e-10	0.948176849504139	0.0316275591914084	0.618660813490387	0.0143672230765288	0.0214912589403302	0.0261468531867933	0.183720063878018
Marrow.Slamf1-negative multipotent progenitor cell	0.879543570844865	0.0328998258240936	0.0824344040987259	0.77009659214589	0.128509742081751	0.0157148785557231	0.973044441563125	0.804834492649734	0.110910905706047	0.0954476982479204	2.0731372411329e-05	0.0158838720831471	0.524979341405788	0.0333456611334923	9.32492618908626e-10	0.580544769708737	4.31086412564091e-16	0.456810767903021	0.00139404933508365	3.4981785222864e-12	0.611652614144336	0.268997911081315	0.470029297705192	0.0408221198515193	0.401362608530322	0.113367483856832	0.0156902081822911
Marrow.Slamf1-positive multipotent progenitor cell	0.75057562948801	0.52618871775151	0.143015046170217	0.716904942413449	0.180155327509003	0.283295060784033	0.987913996124192	0.57198665647927	0.0739037747768136	0.358311729651033	0.0301305248082323	0.285139672168567	0.227548667366338	0.4002873164036	1.4153720703765e-05	0.174651404450338	1.98925561726329e-09	0.686015858183009	0.0671302914440645	7.33042715833661e-14	0.65896813472498	0.228146063367949	0.518667752387894	0.411978942144254	0.181838930053428	0.0765853780318054	0.283121342071528
Marrow.basophil	0.27167766528647	3.72658593594359e-05	0.465021504102415	0.908518221798067	0.26582847770889	1.94356225363911e-07	0.588626146158056	0.946381745592692	0.0454435696379397	0.0074819980783983	7.70737010441316e-06	1.9422695172504e-07	0.333184804547423	0.0134522389312651	2.23967462008396e-17	0.926794899096057	5.32882086628361e-15	0.877398032124999	1.97026448873492e-08	8.24763073576761e-08	0.944814349485546	0.717719402021204	0.962185608070576	0.00162743541156251	0.236234408481445	0.0438623863038708	1.95273207510059e-07
Marrow.common lymphoid progenitor	0.717665213390477	0.258910339188035	0.0813026896479129	0.676603689953577	0.131243526368924	0.236261885569248	0.979689398773283	0.480926376535319	0.028253181850628	0.422768589252543	0.00209920220343563	0.237358949229616	0.159172797510858	0.299145611595949	1.51595087916781e-06	0.476457338312953	6.97237581249059e-11	0.809077002352893	0.0159236329791378	4.11152684876793e-11	0.660548224798077	0.0926976048025121	0.367851437486716	0.11562066084268	0.318757017194377	0.0287660362829462	0.235979281173305
Marrow.granulocyte	0.961866086061371	0.0104822293322776	0.981816141055523	0.985086085348828	0.99757486050617	6.87817936955103e-06	0.189102766240643	0.850795375611593	0.736654770619093	0.098477489990024	0.0287720716529267	6.79302022285825e-06	0.612398919875566	0.339022997733908	0.00199364331188181	0.957488711140568	2.54034055448449e-11	0.932055271471497	0.243240195382363	0.0767384093652346	0.99994820740987	0.983829215748466	0.980045101289674	0.303265910451382	0.781553610586437	0.734939454418295	6.91886368644316e-06
Marrow.granulocyte monocyte progenitor cell	0.576181263996947	0.018184545011756	0.052487389585961	0.883098604662132	0.606594198701338	0.00919304342809993	0.98007746928268	0.803138221361155	0.0600399079793284	0.091371020817228	8.03475002028494e-06	0.00926620013312603	0.279834593769538	0.0804194418101065	1.68028280323063e-07	0.651620007850949	5.5582970878689e-15	0.969303968019865	9.35277124800254e-06	1.03881123852241e-15	0.99511273314542	0.436009277185125	0.770113771232474	0.0140135819933298	0.236957750235024	0.0624580405293024	0.00919012708983535
Marrow.granulocytopoietic cell	0.874196203359856	0.0497885246025299	0.489222565869381	0.953590848497964	0.992718457211864	0.0709605661152073	0.435126904946673	0.640493407050169	0.125792401375619	0.0363941023993356	0.0159875363623448	0.0710156313576819	0.167265866069485	0.576926668658059	0.0605483589928403	0.982290107736768	1.13105101880606e-12	0.977380086522002	0.0907333846465801	8.8226700764192e-09	0.999173818701635	0.793614338836187	0.783438045934995	0.254850240474863	0.0553734191348193	0.125239780524791	0.0709194282812925
Marrow.hematopoietic precursor cell	0.511709039982723	0.00356744952200925	0.147635139042726	0.513950837847221	0.0185924199171848	0.0005807709383414	0.979659106080571	0.396471611247304	0.298829110655013	0.113602334689752	2.35140691132136e-06	0.00058560159547206	0.671734626030832	0.0673617698307576	8.19831575404178e-13	0.392965331536071	1.83280465471161e-16	0.437627978729636	0.00433763467975635	5.04144995731906e-06	0.204745140694651	0.0694026937074089	0.44728288488685	0.0285510723091025	0.252442632998668	0.297794160779569	0.000580085795269238
Marrow.immature B cell	0.0257664339520883	1.2378829832245e-14	0.444716937613497	0.798639598568119	0.356848006266968	5.04984713805159e-11	0.626789872927211	0.542053279558807	0.300442450207372	0.114408230399149	5.58565329482375e-16	5.04665965581884e-11	0.616092546083795	0.169780755329418	4.20069533643871e-27	0.12156052073617	3.85088455359296e-12	0.522454932661817	6.555900917755e-19	0.000207875506553608	0.816261124630274	0.0149787726205041	0.823588357884259	3.16292874029774e-07	0.131162700150864	0.297535244110614	4.96255205356639e-11
Marrow.immature NK T cell	0.757873944357581	1.49130303349835e-23	0.671347031932703	0.989917900266708	0.994617861263583	4.98108881606547e-10	0.900179526423949	0.999646462384027	0.882674598919956	0.64620151696528	2.28370391203428e-18	5.02486950667212e-10	0.922692652009884	0.296517584725362	2.45825812647131e-23	0.981581077699804	1.71296756704298e-08	0.995969256743169	3.37594303522815e-12	0.00242118114313368	0.999947284838646	0.988959299221907	0.998076655935404	1.46238242675454e-06	0.903462262654983	0.880312211077886	4.92540658331109e-10
Marrow.immature T cell	0.123123174304001	1.65689160750599e-27	0.0872366011615027	0.907654725352816	0.874261447655036	7.25948917009561e-18	0.748825006479564	0.908486617597849	0.697907936804873	0.407850810337646	1.21767932591151e-30	7.18837515000823e-18	0.599140644515381	0.422887121999202	3.06379224574205e-26	0.257443853412261	1.79847461317117e-07	0.669070712484465	1.53694446721699e-18	0.00686192896482106	0.996750751205974	0.696620601182602	0.981412437343058	7.3599040722076e-14	0.2045681816304	0.691902218847854	7.19707455279699e-18
Marrow.immature natural killer cell	0.882131397368184	1.75603252553766e-18	0.960365638110253	0.994934157329764	0.9610825779971	3.34350435152589e-14	0.851528958758781	0.998219953963017	0.753951430713272	0.417062842063315	1.20060287808753e-18	3.24340082015638e-14	0.903829170624101	0.334359201962757	2.92669853642707e-23	0.999313465033955	1.99040101142686e-09	0.999444585289355	6.60979608747839e-11	0.0800336537136375	0.998883605745419	0.999651606215351	0.996547828430823	1.4275170092643e-08	0.916085260774415	0.746874681720736	3.39274640537377e-14
Marrow.macrophage	0.695809782651186	1.91993841261221e-05	0.507230322568971	0.468656310602863	0.201410422055529	1.52893947518094e-08	0.983689190692883	0.380359050136165	0.438639094024025	0.0260206763827753	1.09326291310318e-08	1.51022760342721e-08	0.172494160190563	0.392923945791949	4.24587180922781e-10	0.587281865557324	1.50645379903191e-08	0.121892648827483	6.48319083697356e-07	0.000624168513443199	0.667164822248812	0.401626999039755	0.639489095608097	0.0325616995432165	0.266137468570487	0.427983447930236	1.53302250394841e-08
Marrow.mature natural killer cell	0.32330290532293	1.28914426913923e-15	0.887210018960333	0.928120013107948	0.99155586060044	1.36167339069753e-13	0.945406270671074	0.989928750990057	0.640046176098332	0.569961531660912	9.03352820576959e-17	1.36428680891102e-13	0.772045617370649	0.232682363286869	2.18845414349265e-22	0.977451424230429	5.00133730389962e-09	0.987626887662603	1.81196697451242e-10	0.000341150925906789	0.998782976088423	0.956232358436614	0.956407006091463	9.48777182504283e-07	0.705856142889649	0.63269688036375	1.35694990922587e-13
Marrow.megakaryocyte-erythroid progenitor cell	0.701374720680919	0.32018077798741	0.158868804681251	0.622121540833549	0.238458699926897	0.570809300120074	0.958921124333922	0.282727409362829	0.0990162304057657	0.390483192062056	0.0106205385715401	0.572114366272936	0.0689734482547815	0.170803360839148	4.81520685007879e-05	0.276000427860203	4.48447247122128e-07	0.246687172289672	0.127920381017844	1.05024435228618e-10	0.575481315184582	0.395434753526726	0.344950650049714	0.591946914109847	0.461812657763029	0.105044014543281	0.570730344388056
Marrow.monocyte	0.796865319123229	0.00519996843514404	0.951920425901737	0.999972285090835	0.995491196008726	0.000454007200700681	0.757984574021062	0.997847033400318	0.59527808191683	0.0134894253525825	0.000928143007858201	0.000453237191866368	0.65307922117231	0.194649274611021	3.35747996739356e-06	0.964792113211889	3.84937759544669e-22	0.989384704115684	0.0115490631947142	1.32222340529952e-07	0.9999753013494	0.815921688124489	0.999774837366878	0.134432658832192	0.950266542816162	0.595443301192761	0.000453498990944691
Marrow.naive B cell	0.210906682735902	8.27565073165215e-22	0.800514001147767	0.927779959753844	0.564934111279655	9.10943349030437e-21	0.543086569831153	0.59906194768741	0.483672305085494	0.0465193962614247	1.25796113366184e-23	9.19954198396781e-21	0.674324244144183	0.0865885153872657	5.17672081762018e-28	0.0874344965580857	3.36944819968196e-10	0.28528747080249	7.21933677601529e-26	0.19510626713766	0.8255259614863	0.23303377374485	0.753484834404101	6.8629939918518e-13	0.112527369506188	0.474768054257566	8.7950737092633e-21
Marrow.pre-B cell (Philadelphia nomenclature)	0.278053308592629	1.61798526433644e-09	0.604422692070586	0.984810663445383	0.698122949076898	4.19448378649094e-05	0.739138357405222	0.330824078128556	0.950068700448766	0.669775459460145	7.8040971825797e-09	4.27890553519409e-05	0.892802545770258	0.282979540141638	1.06440855963693e-15	0.328921909075966	0.000352281698035228	0.755784743884366	4.26186418769693e-08	0.34956433323688	0.842134048012576	0.437659461909588	0.954362056293321	0.000356322604775164	0.499657179738103	0.951632306487637	4.05706771443474e-05
Marrow.pre-natural killer cell	0.566998422978981	0.000129662622063111	0.230574676441267	0.854213847388849	0.982922387985022	0.000959288083546179	0.961697930294607	0.644187177007194	0.0578156586606432	0.578529613415709	5.98665655565408e-06	0.000962153902889893	0.135419614559948	0.518280540164317	2.89489620569646e-08	0.808663885936958	0.000327887621293353	0.993460539318445	0.000641545847075083	6.54754472581879e-13	0.996224362990518	0.565366888450563	0.814225680546714	0.00681823819855049	0.257626138932588	0.0570903584366494	0.000959863065879876
Marrow.regulatory T cell	0.652301914616392	1.50090126162839e-31	0.178538720999655	0.971604785626211	0.720363802224014	2.07165827044738e-16	0.64350229499823	0.99775814690056	0.606585673033814	0.727792177919476	9.4636591823886e-38	2.01535809937993e-16	0.498310178608842	0.128229594653616	4.23789211317541e-19	0.667120292798784	0.000448010756318492	0.93328227237787	3.46236734853297e-18	0.083802831399121	0.891764846740926	0.834046436444025	0.978933418732302	3.60858977602922e-15	0.675413999736895	0.608106290162611	2.10185441440497e-16
Pancreas.acinar cell	0.464449185337379	0.652664752481195	0.383328350586421	0.00967783523067699	0.0067981497437925	0.945584782152125	0.104967121780406	0.390994123780291	0.214810166215256	0.279224690431237	0.871446954044197	0.945642064923581	0.171970027945943	0.483481262553036	0.927307611863546	0.523265773743154	0.981668891275979	0.682267808375375	0.822370233938886	0.495066381584808	0.386249370012733	0.962306021405774	0.210487275911077	0.575120170176195	0.219688896478645	0.207840311850416	0.945588446385104
Pancreas.beta cell	0.757395245881334	0.999999925710467	0.00017672265236845	2.25848920935284e-11	0.00874931716303986	0.9999970868344	0.378907824510288	1.20837450938634e-09	0.687811554923597	0.893592462583131	0.999879951589313	0.999997107945543	0.0422385654791527	0.99722616390074	0.999955356333197	0.000560607440065396	0.999999962814599	8.88387415911895e-09	0.999987652801862	0.950917088213262	0.706294478537951	1.43960814629787e-08	7.9261227232664e-07	0.99163284489138	6.56288642233155e-08	0.673475979338615	0.999997086663243
Pancreas.ductal cell	0.330588576833155	0.790635286409914	0.222865416762649	0.700816560887694	0.0506647808201145	0.999800199052889	0.0126739576733269	0.602917775014674	0.415916142046708	0.566717970721929	0.995194797268847	0.999801721900409	0.786128975544244	0.601328285194677	0.998166404775025	0.30063522373618	0.99962405883022	0.275456508675346	0.991410694332422	0.997187958273301	0.0160846895118124	0.720449539598557	0.649934232513132	0.724819610521486	0.150588133858511	0.418399955798232	0.999800220954536
Pancreas.endothelial cell	0.255794622583156	0.948801813902735	0.985573685808793	0.709042287417808	8.09464081158582e-05	0.996787902572859	0.140400590541873	0.97903362546458	0.812022074668647	0.044159400499358	0.953010339458874	0.996796072606348	0.792686643020726	0.555117393238572	0.0253301981384927	0.699354319231543	0.0323059818690013	0.509439355877555	0.821950847798788	0.911247670922887	6.50654424069753e-08	0.921111406885423	0.976108573966107	0.336515295285921	0.783507589058071	0.814919806920795	0.996791123712224
Pancreas.leukocyte	0.237151375119273	1.19487611065701e-13	0.950031627748149	0.999925326889179	0.410511301759014	2.11676290814161e-09	0.673971210648583	0.999741841565601	0.201174987572311	0.0052417055167115	1.32799498887664e-12	2.11588597027284e-09	0.701915593025836	0.11266253810112	8.11586910490723e-13	0.996610128221077	3.66126135442563e-18	0.972414745548393	1.21222808002815e-08	0.0325836576226551	0.990311721214405	0.977414621306729	0.999959323206347	5.10422944319725e-05	0.91874030215204	0.199231873082201	2.11975192321604e-09
Pancreas.pancreatic A cell	0.692633857705666	0.99999553534544	0.000599466322942354	7.36206630454293e-09	0.147749466811605	0.999965799231684	0.462540203240022	3.19665154015691e-08	0.941757097297065	0.976097857924002	0.999912009156908	0.999965919655762	0.00972591726028887	0.99958744517747	0.999999716169569	0.000145854721677003	0.999999980699303	3.27574637331541e-08	0.999372159448081	0.999069180694899	0.344029745963691	1.46252587152453e-07	0.000433905799611423	0.998723199124579	1.64791588747077e-06	0.938036449091117	0.999965895864416
Pancreas.pancreatic D cell	0.92569786199828	0.999999986522898	2.89168744829458e-07	3.79017200854202e-11	0.0431494801416338	0.999996758300919	0.126474533285531	7.28143335157137e-14	0.940723131577034	0.988335082299989	0.999998610695979	0.999996781553367	0.00714123366830525	0.999927074866288	0.999999999914221	2.93536264382814e-08	0.999999999999952	4.1826402881162e-08	0.999987120989837	0.999997712740741	0.323339403235518	2.99760323136909e-09	7.94790459108596e-06	0.992329465506074	1.81668927287364e-05	0.934405359613045	0.999996762105948
Pancreas.pancreatic PP cell	0.63235336741626	0.999997863557966	9.33077990301057e-05	5.84454075009326e-12	0.0211232453232765	0.999938861709674	0.327115510753624	2.46200516017085e-10	0.796472656220544	0.799666157793621	0.999988813926431	0.999939006836079	0.00152646618741412	0.999636797444083	0.999999919318419	1.06053108386826e-06	0.999999998603277	7.38860159708868e-08	0.999817924175811	0.997599121800643	0.31815825711351	8.23866349928913e-08	1.85783321900301e-05	0.99411720810822	6.87170651768723e-05	0.786214599286128	0.999938883411844
Pancreas.stellate cell	0.0715093239641547	0.999016903190184	0.993098719531088	0.170758041370505	0.00367229462290731	0.999600888611901	0.245217301477789	0.928520013369869	0.773625049674494	0.622271541158766	0.999149058994167	0.999604209009733	0.552592130996655	0.980585592399993	0.99971189473735	0.95467929865583	0.989816556707117	0.880163868964778	0.999734793001143	0.999999981753657	8.62292913235444e-10	0.954015407742353	0.860806686210783	0.91439742758331	0.82785751037775	0.775476684659133	0.999599785396397
Skin.Basal IFE	0.194048617657362	0.979745300100184	0.672672952012531	0.793760632587902	0.539373020330797	0.668654620697528	0.767792503145815	0.470391618069725	0.904235348465465	0.841607475336602	0.939395000546418	0.668270688741556	0.739163150663314	0.556654607681024	0.986749812145806	0.0923070704499197	0.97683711170377	0.732332567450969	0.914779733206682	0.378480310033259	0.134220066730676	0.903475731612452	0.312340230266233	0.97845692024788	0.770282998319447	0.906125001793848	0.668806935877385
Skin.Inner Bulge	0.264475758269456	0.894875884923959	0.581537882910174	0.175449667112362	0.246656018786098	0.93197421178483	0.810901567403911	0.216798957630299	0.619559101847288	0.876935825896238	0.883097236356161	0.932066358088059	0.931962412295985	0.470488278261746	0.996537412662803	0.232888280078174	0.974710590451706	0.0834089231480448	0.920804384679085	0.984273877922032	0.256305129681541	0.253958240799504	0.687124817608073	0.908946235148878	0.853901829444335	0.622248260193482	0.931770473859173
Skin.Intermediate IFE	0.133299114431479	0.908722293881884	0.748943069293324	0.95016411833978	0.823667851105374	0.719201051813907	0.88266932509565	0.642025089843323	0.682213241943288	0.720909625511084	0.986432834346746	0.718699205504302	0.750535180386908	0.0734180672176175	0.961974204546965	0.374960793723937	0.940699184218019	0.713718267473742	0.895573259816656	0.0107596432149442	0.713592987543832	0.904196780686161	0.633957093619696	0.948228126441615	0.432868943907127	0.682641120450777	0.719511486140693
Skin.Outer Bulge	0.412389343833537	0.998917193991511	0.820251613029304	0.221515114587343	0.394065261034381	0.986678021134172	0.859025604442873	0.11696959842092	0.477504525629728	0.89714672376126	0.991980207942463	0.98666263339549	0.93915192511034	0.895706107403811	0.997887147770601	0.105605380611021	0.997552609486736	0.0419277018039231	0.95974669875695	0.997291094673556	0.11632237140084	0.18490289834327	0.374062172806044	0.968107391005266	0.739986122307881	0.478794489203782	0.986676099292041
Skin.Replicating Basal IFE	0.268760065944991	0.999989984814379	0.342887281959123	0.58994329803295	0.723214598351774	0.997671734617137	0.619278595202509	0.0838496454405446	0.125671342342109	0.821972947241649	0.999799876352908	0.997655710148866	0.0656257253150923	0.691761060607299	0.999042569293095	0.166916286593676	0.996529604365782	0.848767299214521	0.966713478901481	0.000338836129635798	0.360592453664972	0.602692551239276	0.117924769941718	0.999771894041828	0.409027168194333	0.124191918089643	0.997680463310583
Spleen.B cell	0.386948707891374	1.62202561689584e-21	0.863914819320011	0.95062945686611	0.564501766027434	3.69725223455609e-21	0.774742952342107	0.90517848585413	0.333434579329374	0.101197417331488	2.16774418075968e-22	3.68762140562893e-21	0.51059785025329	0.0625819830716784	2.36609714220038e-27	0.0662566868693778	4.77598638849225e-10	0.466913716012559	9.41104078302642e-27	0.338886791072632	0.802827702036294	0.460245541971697	0.844513040188978	3.93959562644044e-13	0.257630391390802	0.327079081820128	3.61143704312179e-21
Spleen.T cell	0.433548499774064	7.09511359817776e-31	0.18836393811045	0.951959098661332	0.660224688731816	4.71742773646269e-17	0.60792837470479	0.930119941766237	0.781774161314353	0.197646846436486	1.32390202664561e-33	4.66931059457522e-17	0.85889843375729	0.355256603491123	7.83087317653109e-28	0.463952315840607	4.38625701439696e-05	0.944586423788154	3.54030822933387e-22	0.0274876025694801	0.976043283401879	0.939743699175201	0.915427731201746	5.9554914674555e-18	0.582824181082427	0.777782239540037	4.65531446427909e-17
Spleen.macrophage	0.588771298470219	5.2577871394844e-10	0.92447728458508	0.96891570016671	0.935687340661642	4.15124247494905e-12	0.906986249455266	0.999060646164757	0.963447428748197	0.916993518808174	7.30582601367731e-12	4.08730151816029e-12	0.931327419615828	0.52414960020562	2.81484409156259e-18	0.999534149821777	3.04749133037056e-07	0.997758929676094	1.72385665271102e-07	0.196172959077387	0.996171454855367	0.997704060607817	0.982139929866281	3.48731096364617e-06	0.806193644603171	0.962837859872008	4.18092583676719e-12
Thymus.DN1 thymocytes	0.982951135926985	6.61260293656364e-21	0.694364997969106	0.997033251542076	0.992291698221716	1.19617001500882e-10	0.992472894649801	0.999948260224586	0.506107682403293	0.461719461930807	2.88012720024846e-23	1.17148143219415e-10	0.903929127905177	0.25698143509948	3.87933883135358e-17	0.923079379215768	8.76791853873113e-06	0.987975281017891	3.32740743986362e-12	0.192435008057176	0.999819035075459	0.997963278777234	0.968656116132004	2.19878246501769e-12	0.895295599365699	0.502739311074331	1.20238591966045e-10
Thymus.DN4-DP in transition Cd69 negative rapidly dividing thymocytes	0.675338333735947	0.00264198743306742	0.0183833843114386	0.517478831969724	0.811494628105376	0.129281576687976	0.76334707960253	0.325031523362253	0.0110216927722829	0.455721141637217	0.000109605786194046	0.129264271530663	0.335660838184586	0.681576836659689	0.000143416917117546	0.191481684304712	0.00431502409730783	0.304962015499134	1.37692758555179e-06	9.49940856289377e-09	0.905484966241023	0.0663603864690856	0.781335418411596	0.0213890107462856	0.0311222559162318	0.0106673805990483	0.129298691738244
Thymus.DN4-DP in transition Cd69 negative thymocytes	0.934346026618224	1.20524228637911e-05	0.536062848905318	0.626437257135096	0.908343499375792	0.000817350800183722	0.890237817173857	0.626101553657695	0.857717477112062	0.710233533783177	0.000234361502848784	0.000811682630732331	0.915666935107413	0.908074396610205	4.23043883133353e-05	0.240863673104677	0.0553247320281503	0.20661763364345	6.07049960380407e-06	0.57943592189579	0.964813781366412	0.914916716840111	0.820368671821643	0.00372423361694849	0.330325171532002	0.858362619737903	0.000820047562223004
Thymus.DN4-DP in transition Cd69 negative thyomcytes	0.872219042739329	5.93666690240627e-06	0.0171678586201982	0.246796693290016	0.675855899840116	0.000323672331718252	0.867545236736394	0.548615310868171	0.695662089218904	0.359278431275569	1.4921270613791e-05	0.000320202403733395	0.53325894220472	0.650617098651122	1.72121562024259e-07	0.0456466363656658	0.000194264892858371	0.0536731857150303	3.4526204798608e-06	0.0168185562055791	0.831672065735773	0.193172735094975	0.378043998804615	0.0140525052732848	0.195366589496202	0.693899892040744	0.00032525178523243
Thymus.DN4-DP in transition Cd69 positive thymocytes	0.628995608852305	1.18029493137585e-28	0.109593489487451	0.715771915575642	0.714251437311495	5.89242101707817e-11	0.730189372828118	0.562380167779943	0.447124094647814	0.109240288867242	5.48827476486227e-28	5.90412966794594e-11	0.927643429686637	0.385597009563463	5.58439644518099e-20	0.266842647738861	0.000145011410248751	0.932122770710837	4.75671589810501e-17	0.0637005309653857	0.980543010867004	0.711280583058865	0.496562872997342	6.19498770935284e-14	0.562735756963217	0.440834504667581	5.77245584105831e-11
Thymus.antigen presenting cell	0.890452059580925	1.24287833005216e-13	0.997346202478666	0.996341958954033	0.234338078715264	5.38800260981009e-11	0.952828563234877	0.994380576125714	0.355081841947155	0.0264413993858828	8.64307634671312e-17	5.27291188186365e-11	0.724330266027094	0.00782314743394585	4.46170562665384e-16	0.717676297627407	3.49291647597359e-10	0.972068132021957	1.72182710133137e-18	0.564744395354352	0.668670857163999	0.832882325426349	0.986036355732379	9.57752215194972e-11	0.247917012756822	0.350174699062534	5.42071060013932e-11
Tongue.basal cells	0.00603647169027347	0.999001558659623	0.757585051188444	0.529747196861661	0.861914532560421	0.950115638352223	0.56531852428795	0.0144905143507523	0.94600544111082	0.772895164765287	0.992694326277476	0.95015828748165	0.814971887875782	0.791472642669373	0.999850739444385	0.304256066405623	0.997440120974661	0.39373091995969	0.985953622993352	0.00973465459662482	0.273491522861254	0.667334307389559	0.12167780581565	0.999948774587765	0.511983983995652	0.946691449229986	0.950131977389921
Tongue.differentiated keratinocyte	0.176815479029397	0.999787562748045	0.941688767635751	0.994266109006239	0.998721110032918	0.954562437926582	0.914034015238893	0.80195189240682	0.874079440472867	0.894058576187605	0.999980667052348	0.954704685730583	0.96195318143023	0.558272609097208	0.998875115451663	0.96290057683699	0.997995061954612	0.986730741425971	0.996353064335945	0.0035661433761452	0.977559703371407	0.99703499012543	0.962467074798214	0.999945695731313	0.575970966056433	0.876789141399722	0.954580235642788
Tongue.differentiating basal cells	0.15756261475731	0.990953358214161	0.968460177535918	0.843880308889572	0.994233768164377	0.78423631932174	0.963577222450983	0.400680494366636	0.850107184311744	0.960132462811011	0.999723171256549	0.784347529656649	0.889526030651744	0.838762978378297	0.999853112693336	0.910425694102008	0.986193839548664	0.822556199079905	0.963991609621584	0.0595680103133949	0.702964940768714	0.937080304137274	0.797012891730038	0.999841574673632	0.464958860565229	0.851847280253775	0.784345273790423
Tongue.filiform differentiated keratinocytes	0.11444097275373	0.938078755892305	0.978624151392088	0.258897439815125	0.603931289752532	0.666147116966564	0.994567627226323	0.166555676921464	0.76794115530658	0.592994916846843	0.973906448098024	0.665685987877048	0.207239834504625	0.870766947110591	0.996224457434618	0.597508254028363	0.788123794288131	0.586925184141116	0.998646015951742	0.0130633098178044	0.385452581782179	0.598747647142325	0.111381663582129	0.997307515800009	0.568062103889973	0.762683404943515	0.66659224385146
Tongue.proliferating	0.116546503131409	0.999997557378713	0.630959572849971	0.827184651166274	0.92021498539155	0.99537012170967	0.462582451903337	0.0865940170193511	0.6969016627322	0.827384460794556	0.999432776961586	0.995380392313371	0.57675555714831	0.828123454120008	0.999958341301869	0.580342752128747	0.999016071875061	0.898276341529097	0.990805343025191	0.000102611178715061	0.560902693744105	0.781542846881137	0.253249814203872	0.999915096275005	0.546522695810093	0.696710216728225	0.995374646669711
Tongue.suprabasal differentiating keratinocytes	0.558418464143612	0.950789815459595	0.957627794252382	0.904656083933434	0.922599954589658	0.819170995206485	0.991855116320799	0.78766672255582	0.642371630103573	0.932674134261764	0.998821691143369	0.818855377270818	0.799738324235999	0.823144177627902	0.966013012586773	0.987610078498599	0.903639663873949	0.94804839758681	0.964776435066687	0.122517674774588	0.950439277328517	0.991176617939624	0.677458868986235	0.998828404915626	0.267144346689963	0.643208362402416	0.819049357831202
Trachea.blood cell	0.59588686265423	2.35391529040932e-23	0.78123273293499	0.999753802834386	0.834607087561399	3.52580240471482e-22	0.925960841393275	0.996549678229877	0.16116841131341	0.0181936625688247	1.60945489070533e-27	3.41132489305935e-22	0.817804424894246	0.00325197413606277	5.75898398436093e-18	0.676971494113484	4.12334402785884e-25	0.879034106265881	9.7514920214042e-15	0.000891763912621606	0.996789809416232	0.625785485637312	0.925204882135835	1.89792813845973e-08	0.952360031950931	0.163626781085289	3.56422654852727e-22
Trachea.endothelial cell	0.0149247516804832	0.367087184070588	0.508588033084063	0.684772286005697	0.000122825398448733	0.349959305853673	0.108756248644466	0.581647094044394	0.295734227565121	0.133583098551033	0.3743182036687	0.349829710029933	0.582653971365077	0.237922502724404	3.55192250530065e-05	0.269522752875218	0.000537380160983846	0.47139398030648	0.348522553330944	0.921688792499964	8.20331456421437e-10	0.667487729916778	0.91715673655367	0.208893516126752	0.605151457080939	0.296395792339161	0.350176563408824
Trachea.epithelial cell	0.674869331498884	0.576007347279242	0.969989085115648	0.0939241025327262	0.257123267880025	0.718629630836281	0.112247435104003	0.636241058038693	0.977788987138645	0.96645493261703	0.597042589372172	0.717984223343012	0.569698945686371	0.864427987442968	0.993498199374157	0.902185186574444	0.995712630496834	0.969203509521165	0.975064458480963	0.999906268766553	0.00941736124652142	0.780822694634393	0.290720495149411	0.78151785925807	0.14837055258323	0.978541258408373	0.71901688850884
Trachea.mesenchymal cell	0.135864580951884	0.999988897874799	0.978980370779172	0.259835223234008	0.548730848474665	0.929309894329442	0.67079446761102	0.734757406234542	0.953573456380438	0.96321259038275	0.999962506071812	0.929339381440229	0.374875196599964	0.99807368292517	0.999993864746149	0.556002923593146	0.999736487209061	0.436165797911865	0.999430247776981	0.999999998865764	3.29220924545007e-08	0.909933574957746	0.490535432676706	0.91490913474619	0.982441064940832	0.949299758079025	0.929413840481332
