cell_type	AF	AID	BD	BMI	Cardiovas	cd	CKD	College_edu	glucose_q	HDL_q	Hypothyroidism	ibd	insominia	LDL_q	Lymphocyte_count	MDD	Monocyte_count	Nrt_new	RA	RBC	SBP	Scz_new	Smoking	T1D	T2D_2	TG_q	uc
Bladder.Basal bladder epithelial cell	0.00612822071752617	0.997474151338513	0.899225948064867	0.860430846642007	0.793826575165088	0.996325162441929	0.185479328653803	0.479230322738978	0.754110382315704	0.65423579363171	0.999066249519797	0.996543740878133	0.212588591869768	0.709812710245099	0.99999778063719	0.549708441080927	0.999998546175982	0.963418932680538	0.999958949229721	0.613771882176351	0.5936921388927	0.778581311638512	0.462725522455686	0.999996883976247	0.847570568710255	0.753066451108533	0.996529067853027
Bladder.Bladder mesenchymal cell	0.196955057655467	0.999883284015242	0.852992151651394	0.195932838198197	0.753056163147551	0.750029352764438	0.688934545982884	0.851405952127578	0.6925324303204	0.80402151938484	0.999896421451206	0.750719241599102	0.274632343958029	0.992476101888421	0.999991732069947	0.547440629747053	0.99990839489334	0.461090642935916	0.870603299118121	0.999999712558659	0.00308086011352267	0.593715321376564	0.227803754548342	0.809802852491623	0.955015483571822	0.690409753470096	0.750264101574222
Bladder.Luminal bladder epithelial cell	0.110013672957295	0.957111328313185	0.722501260378946	0.951222476484176	0.664297351985241	0.987123134824282	0.375634661834542	0.877846493486572	0.599047311129211	0.529784322278952	0.991748765141157	0.987715769360222	0.401713857663936	0.194970157290776	0.999894376647959	0.920058598289979	0.99998501054453	0.990475895169458	0.998747531740864	0.368266844685196	0.817196540820452	0.888658537554827	0.770875827965146	0.999660038741422	0.879359400489865	0.600159811320055	0.987682220612998
Brain_Myeloid.macrophage	0.975054077719983	1.97126142582546e-06	0.988978253608607	0.999818525574431	0.713821271121487	3.82625525094691e-11	0.511733888022323	0.999655276206	0.0623595116022056	0.0143252329346138	2.41610269392976e-07	4.35060823665483e-11	0.545938017632832	0.449065105730298	5.82581847792775e-09	0.999686106169284	1.95292252992297e-17	0.990936212713071	0.00390595995257566	0.0454476038235476	0.999641483229461	0.994958146354583	0.95703087786452	0.000143771146247676	0.984287866422648	0.0619808213617283	4.24847961274418e-11
Brain_Myeloid.microglial cell	0.955875870676228	0.0270259616509035	0.989649634341914	0.950333336332779	0.421809337118597	0.00205828676376984	0.496923004275993	0.996457930096645	0.696395265089886	0.177551553109112	0.0133692553989398	0.00214593509138565	0.76863258627344	0.690963948429836	0.00120800317011853	0.992684409414067	0.000227193278480349	0.963411657150743	0.423279757614416	0.514903987617083	0.921029658809588	0.969257864894422	0.812904496499999	0.0538778715736707	0.929013230355905	0.697132393875619	0.00213379754767184
Brain_Non-Myeloid.Bergmann glial cell	0.516569207714286	0.999926942603499	0.00261581080657042	0.000134207053030466	0.946877090197433	0.999123208855343	0.783669746260092	2.59356158099937e-08	0.998636488135939	0.995994300652704	0.99999739049829	0.999085416578959	0.143627733613233	0.999983700573983	0.999999587192197	8.91840938260481e-05	0.99999999365901	1.21624321737817e-07	0.999999998588304	0.999999999180734	0.820365817797335	0.000101886760228463	3.48601095392188e-06	0.965404801498876	0.973745494569107	0.99865483638874	0.999086742356352
Brain_Non-Myeloid.astrocyte	0.537538872322456	0.994802246857541	0.00592452615745406	0.00016432931848012	0.996847688168192	0.996653294450543	0.721660653062908	6.3276315323607e-08	0.941674612385978	0.93088004656436	0.999626845955371	0.996546015435087	0.258353490347554	0.99994487120483	0.999998842622399	0.000866690957009272	0.999999962568302	8.82369394059325e-07	0.999998171654373	0.999999999908546	0.875687177297899	0.00169252006396962	6.06018829853847e-06	0.909156701851433	0.937839800104334	0.942068251186071	0.99655653743579
Brain_Non-Myeloid.brain pericyte	0.000127468615760267	0.999930891439107	0.0483507867319744	0.00124106860806221	5.23896106315348e-08	0.992277676044655	0.00550012137376462	0.00422102099473864	0.0157521510420209	0.0346796391135905	0.993774126665593	0.992246714951474	0.000737121213047329	0.430197473152758	0.783756209222633	0.713839776647634	0.427207749895206	0.125981137739794	0.998112209808931	0.699938594338687	1.06675042692556e-15	0.588342866005746	0.393863295903575	0.997877325167707	0.618356289272285	0.015871233187833	0.992273911274217
Brain_Non-Myeloid.endothelial cell	0.0925459681664956	0.97711848581466	0.937816555557813	0.982161047306138	0.188664088488199	0.118849184479197	0.346832194799323	0.96754174181478	0.383335773919692	0.339254031885826	0.975345871530006	0.121711213730701	0.290294758089704	0.497664289836686	0.359722332395148	0.642672763308951	0.375537504389821	0.436878842199487	0.908143643399853	0.915923977318544	0.000144884230330291	0.854501206188015	0.707524809447061	0.859163421467656	0.957653649750731	0.382581274944426	0.121297674662208
Brain_Non-Myeloid.excitatory neurons and some neuronal stem cells	0.69249629792556	0.999999952872886	5.2356732494895e-15	8.75310857649179e-27	0.488955334926665	0.999998842649875	0.336949541926322	1.40927126882646e-29	0.887539798211499	0.942026846688519	0.999999999953131	0.999998645350722	5.19627309936787e-08	0.999999993890213	0.999999999999998	2.87492854583289e-22	0.999999999999978	9.32405393500468e-20	0.99999998067508	0.999999999925055	0.728872592696399	1.06943101362927e-24	2.26187572301022e-19	0.999786788750082	0.0830329942327824	0.888884123338783	0.999998663212491
Brain_Non-Myeloid.inhibitory neurons	0.627467682604228	0.999999965959553	5.14793747271988e-17	1.3271913365899e-19	0.371934744088777	0.999961362631014	0.166770243579159	1.14478881659377e-31	0.970006556854585	0.950559096462874	0.999999995090603	0.999956181486257	3.00392773079935e-06	0.999999878419369	0.999999999999997	5.96004948355049e-21	0.999999999999831	4.05114308856408e-16	0.999999999512415	0.999999999843934	0.450918520301054	2.16538615494171e-21	1.44874860974923e-15	0.999921369775378	0.174974027275094	0.970100176667022	0.999956927925293
Brain_Non-Myeloid.oligodendrocyte	0.891739309332202	0.891862491269061	0.0409576419049861	0.00122778284645605	0.555712628544128	0.801609753849619	0.225247393992268	0.000430560561329776	0.478481697992631	0.399935493246071	0.973942348132461	0.803243809260628	0.0012400706295983	0.953223238577276	0.999373350028124	0.00190517921334102	0.96135547168494	0.000118253165021671	0.839732248615552	0.722996520061251	0.356825309439499	2.16767634958441e-05	1.45232025149443e-05	0.756873443862511	0.540781504875731	0.480467175642425	0.803238369546875
Brain_Non-Myeloid.oligodendrocyte precursor cell	0.834302573160417	0.999864346396561	2.18809542418674e-05	1.05412542679035e-13	0.91771335252555	0.999997028124635	0.879501829330192	1.17768078349477e-13	0.986559386107182	0.990929602039427	0.999999995893551	0.999997031093877	0.0056935559200876	0.99999997539195	0.999999999999964	1.07681309237909e-10	0.999999999999989	1.53323578039899e-13	0.999999669419915	0.999999999999345	0.818558672005179	4.27629770586287e-13	7.1576795527818e-15	0.995713805540292	0.734403247665568	0.986701748335573	0.999997046764824
Fat.B cell	0.712571570466874	8.49626853423289e-26	0.857716986520522	0.978694097816188	0.535788628610316	4.96487720813647e-20	0.415163601656823	0.936955701104774	0.260351461775948	0.0722926002178478	1.13349295730795e-24	5.9612210840475e-20	0.632582430912314	0.126283633456964	2.99129088057403e-24	0.307718469543524	6.6665056807843e-08	0.454948065702531	8.50032289212454e-29	0.399965656560653	0.933314381663771	0.478373614708065	0.778041512649273	1.28809422708121e-14	0.258075760303145	0.260962280516081	5.79645564562542e-20
Fat.T cell	0.581156219115051	8.06552192457749e-39	0.27603198979482	0.98065540982669	0.865690771564149	6.57548937563174e-24	0.929844459969591	0.877917990091841	0.980037170818852	0.625454336702252	8.80010184967011e-40	7.14336820730345e-24	0.877724668271964	0.808293766045487	3.5734670468864e-25	0.295973134186571	4.57655064919765e-05	0.846915543181075	1.739304094551e-25	0.03408065346323	0.997649230064482	0.945629108678619	0.916301233160103	3.92523420472808e-21	0.759191522604798	0.979992047975532	6.88134154023766e-24
Fat.endothelial cell	0.232337661747763	0.920118135994446	0.96970813538583	0.944133263476022	0.00149473039287879	0.615435168290176	0.327339786391001	0.967533976689654	0.150040923493766	0.0144457461929342	0.868414357914173	0.620012595057978	0.899791497970373	0.323046782447455	0.00343482304265521	0.572348117854168	0.0179059985407912	0.821880953279936	0.648642989421372	0.963782303463722	2.99691948272598e-06	0.959143712797457	0.982999818203179	0.665943620192733	0.869248449056722	0.149257087864413	0.61933934253193
Fat.mesenchymal progenitor	0.243045907772838	0.999848307098107	0.977260299168047	0.820594217217097	0.744431354667794	0.710369529244241	0.899657159053653	0.986781588573592	0.792957071739865	0.928684939388573	0.999275537743089	0.71047485621757	0.656249548757002	0.954844862366991	0.999999313962081	0.702788430167193	0.998785981890811	0.80398254586498	0.959576506670674	0.999999894654999	0.00268642821866126	0.876611413132598	0.847003951199001	0.964371372691776	0.971012403016682	0.791985872277398	0.709304378497212
Fat.myeloid cell	0.893625909918246	8.37641660524363e-15	0.992242286804479	0.999999806303679	0.903437952365442	1.1927677773446e-19	0.251669933876164	0.999559916933733	0.0919428348080176	0.00147139868470678	4.05667112424306e-14	1.26270220870268e-19	0.88794707223585	0.000295078685870133	2.58577716166867e-14	0.97447930934999	5.18896344357099e-26	0.885723265755107	2.73415849418665e-09	0.00110832449940089	0.999847966656899	0.952893210562209	0.991075338487207	6.90694183450372e-05	0.993402057117323	0.0917163376598098	1.21095621352317e-19
Fat.natural killer cell	0.917366933231616	4.11098488759366e-14	0.997950302237506	0.999828164323061	0.990542549577615	1.04444512364598e-17	0.961906705830148	0.999673554746007	0.979398711501723	0.99183202121372	9.57467231135154e-16	1.13600574683377e-17	0.983163949615591	0.488907248714586	1.15694266107189e-17	0.999877819141733	4.61983372379515e-06	0.997831403986208	4.97805424564011e-08	0.328796193802727	0.999426715275126	0.999887235307308	0.964786255987836	4.91369413843282e-08	0.951179296991387	0.979598797180218	1.12343915087709e-17
Heart.cardiac muscle cell	2.79155570101069e-06	0.998719710412812	0.54441155389851	0.616428322705628	0.182040989607398	0.999281042192992	0.0312218183263181	0.461373733220603	0.172157507390217	0.539621118756931	0.999944790287108	0.999234544592365	0.0456776680774748	0.636868426026362	0.996905468598182	0.512093524927668	0.99749059043331	0.858904001514476	0.999963886775425	0.719168226655132	0.0713566349746151	0.687686721807931	0.404091095031533	0.956292635233524	0.080678370962708	0.172708534309005	0.999235875980607
Heart.endocardial cell	0.413855931776483	0.998220923785171	0.90230174026408	0.984555722118504	0.332791238682865	0.993971897974939	0.682804282382457	0.999856832836055	0.566630606699041	0.643661567674541	0.999826751470879	0.994083896462824	0.964888746395824	0.364434230596154	0.996089501814261	0.88834963093823	0.872298914501966	0.928650370253192	0.56362620911721	0.996088792212182	0.00271196779711592	0.986409194437197	0.981219578937454	0.807920567924833	0.992421493491014	0.566648442142419	0.99405369848163
Heart.endothelial cell	0.3380440005075	0.984333832328733	0.99964115007862	0.985383741390926	0.0439965020127937	0.937521130835495	0.432904560931016	0.991709219595377	0.703019890782403	0.151550423193749	0.961896192178256	0.938667464643838	0.910389045346937	0.743882467768855	0.0393338722454487	0.699918819829291	0.158010151585478	0.868752975593252	0.856163402644911	0.989331936915606	0.000189096765289356	0.957089757261904	0.989537176252164	0.836644421953406	0.757764031749408	0.702169191818806	0.938511404600501
Heart.erythrocyte	0.947090691546329	0.999960404839724	0.987038785364256	0.482728552722816	0.964798715118032	0.99667512341535	0.0455813852212238	0.231853236867312	0.981047698753553	0.98707127870904	0.999997872898797	0.996368874697328	0.389085727382351	0.99689335718461	0.999999981175432	0.0263750575276107	0.999957467171867	0.244039190701745	0.99965592397516	0.999999356855196	0.814282994844019	0.538317482890529	0.327697328266745	0.915242618178475	0.415964246096789	0.98103610372519	0.996376256140983
Heart.fibroblast	0.718513987593788	0.999999476961192	0.988873951274397	0.973646929583615	0.733641622967445	0.999584130752393	0.824142964520168	0.999963282221971	0.932885313858741	0.999700915337112	0.999999602567372	0.999587673861947	0.883765749176946	0.996054911210478	0.9999999985833	0.838363102762865	0.999997339681136	0.942322261330263	0.99534842323875	0.999999999463091	0.0109154252897034	0.991288928473613	0.953286966521269	0.934972677444902	0.94000819982684	0.932193186537583	0.99958464685669
Heart.leukocyte	0.875031768555731	2.7260883950005e-08	0.997935679442094	0.999998563231688	0.793501407287576	1.44729834203361e-10	0.424384569508306	0.99999236045549	0.0175268307291525	0.00518850162188829	4.6794947253733e-07	1.59713028259211e-10	0.878057235751514	0.0061526146321067	1.24326234896387e-09	0.997165638753268	2.29777136128484e-16	0.961395326265844	0.000370426142052414	0.0273922187807212	0.993343227912433	0.991716256959236	0.99893298191195	0.000742642187892568	0.990064025499854	0.0175731868248804	1.56978923836749e-10
Heart.myofibroblast cell	0.134874183353375	0.996716128296987	0.958499370023875	0.171412653782125	1.28749985062693e-05	0.999651877317499	0.0222024722638903	0.667465729537402	0.0486891335942467	0.365735957021579	0.994291281043738	0.999659556121264	0.196269153710021	0.762915110295561	0.58408296292582	0.462641553252452	0.205629884601526	0.605919026909542	0.989150793720789	0.999663361347099	2.05524110754624e-10	0.939741138785695	0.552431164276799	0.991859311208809	0.605652054764056	0.04855832821337	0.99965796294252
Heart.professional antigen presenting cell	0.604323952853922	8.8302516077409e-16	0.911455620082744	0.992094413487916	0.956954073163016	5.23132636733476e-12	0.9295186894096	0.990454345676399	0.459920766547905	0.735774570162127	4.3571398632198e-19	5.54892335946086e-12	0.675781597520705	0.434598707613255	1.70237041023674e-09	0.640161457070176	9.16478701727097e-05	0.778667552884034	2.08946374520264e-11	0.613001422679416	0.999170749457713	0.559287631981525	0.9357655236832	5.29440241078805e-09	0.678962539466922	0.459521493630547	5.332732841333e-12
Heart.smooth muscle cell	0.000327823997788139	0.999904862201363	0.59188550065786	0.0362258364459698	1.22947732569798e-05	0.998895741219112	0.00564831380761593	0.166085165002895	0.116436380772187	0.258986839308902	0.998024798971753	0.998892417429361	0.0025311036414053	0.836277894906316	0.953907453128721	0.607588737596189	0.838952048231523	0.556478884141276	0.999364249803358	0.988798203603299	2.69795932334818e-11	0.742613682859969	0.446699996021346	0.999315432105294	0.790676936610407	0.116250521971069	0.998900249661467
Kidney.endothelial cell	0.403369229160592	0.847064989639339	0.988680315002581	0.976401355745668	0.00573433465934124	0.72336818360054	0.106142148063287	0.999192459801618	0.52650500605681	0.194105450664474	0.809526754520068	0.727197105233347	0.714525616354711	0.378818441119227	0.0566273414914402	0.68233902090365	0.0896633497933516	0.460516128223744	0.202024861311787	0.997993633484598	8.93230086429391e-08	0.773009675002613	0.81455267160832	0.466341010943969	0.93751961111318	0.5267170921259	0.726673404331035
Kidney.epithelial cell of proximal tubule	0.728441584305551	0.639810100467742	0.872294210662013	0.997755668432962	0.689716559282183	0.835764490124851	0.000791081929768202	0.969982533081981	0.265368344919311	0.588027776753132	0.952112432698229	0.835073819859786	0.491295888079625	0.164750959484917	0.935915896653021	0.89640418975839	0.586534254125846	0.892270376982931	0.716347935161089	0.533439603451116	0.969131304645491	0.96207173113633	0.988162312018803	0.815213225658822	0.840002752053078	0.265536506781413	0.835559074447108
Kidney.kidney collecting duct epithelial cell	0.906611673870101	0.558067289476301	0.689764776530324	0.478796909764201	0.0255070313128387	0.991662052459277	9.53283981187849e-09	0.880033442827791	0.978832744386578	0.880184814460633	0.880447271618235	0.991463503038925	0.660815569194087	0.792337765101118	0.900632868191514	0.778349793494126	0.970642052925838	0.983039722006999	0.964826375185142	0.957106543847904	0.0259885346824431	0.91361726251713	0.806673758320811	0.780241643219112	0.476737304667961	0.9788879251339	0.991571893945059
Kidney.macrophage	0.72504414683562	2.06179313832286e-08	0.996624860033933	0.999987504519402	0.800375132598353	2.56661809866254e-17	0.170674446520432	0.99814201721228	0.0327052473644921	0.0749483168398495	9.61881479891717e-09	3.14239140592977e-17	0.849285112613842	0.0335857260193586	1.62440294043936e-09	0.896464903613816	7.80810280207601e-19	0.747506469885039	1.28619663505295e-06	0.0536864106518944	0.999162945901179	0.970314515175938	0.992264634920386	2.59076972231283e-05	0.966891652207218	0.032660358300345	3.05421056297276e-17
Large_Intestine.Chromaffin Cell	0.418473268616067	0.9981221795687	0.01637559761728	3.94065587626583e-07	0.00380331652573007	0.999757300564527	0.0982013557006384	0.00186401559084474	0.479614339728274	0.566492128079108	0.999949946193855	0.999728822725008	0.456171711961724	0.595671791676425	0.999882456928157	0.0569764578490289	0.999984511862326	0.00221205836879029	0.999827575032121	0.999657569742115	0.156461243977308	0.0104935801083613	0.068521913103872	0.865254645065589	0.00412784838761613	0.482837730615897	0.99972853826981
Large_Intestine.Enterocyte (Distal)	0.870679584648657	0.66785363515866	0.609998890444178	0.991905408095486	0.752585256984623	0.821542420755932	0.41342825811071	0.997340838757365	0.759940772077931	0.87775287517608	0.9546049635548	0.820775073732572	0.997617358524982	0.00929553721692355	0.854291839758509	0.999986825956203	0.845426635612913	0.997293025920854	0.963334363354122	0.16460582146967	0.584878957901005	0.987405168166734	0.712662266832332	0.831637050398405	0.820929925896789	0.759773131794848	0.821536988234082
Large_Intestine.Enterocyte (Proximal)	0.640596310312874	0.385510624326078	0.687407987465308	0.928257750016661	0.413057996330545	0.742344843095859	0.459584387667642	0.973034268433677	0.266266707246459	0.25107129393469	0.824385392905893	0.743848093252271	0.988455513237309	6.22926355526794e-06	0.517248756815492	0.999884076944225	0.740788229389848	0.991558985622489	0.899517358781774	0.00556489071697415	0.642583133027658	0.738931385764938	0.941769281525389	0.514516529967279	0.421101034309867	0.265985120660138	0.743881206277667
Large_Intestine.Goblet cell (Distal)	0.596376515470323	0.768987339208241	0.309719410938777	0.492818946298664	0.419560280677955	0.994916059005645	0.242229606518122	0.987424962643701	0.191460247431342	0.0528297826015674	0.930927181814222	0.994493601163977	0.875187906004881	0.00067687850673031	0.988197431251928	0.999972472234214	0.978002024314766	0.971595838303717	0.788890429904269	0.00439596039766081	0.586407023802275	0.856049896294623	0.848310327459732	0.39069657448686	0.0919579468096172	0.190043031775297	0.994662921089731
Large_Intestine.Goblet cell (Proximal)	0.446470564155587	0.600811781978025	0.586137577107847	0.106837304946707	0.0526750943616645	0.958475522280491	0.154326351389417	0.791535401739424	0.226866674664719	0.0330271489674988	0.919713460273496	0.957348384762193	0.701860160126218	0.00286712333632387	0.981156261134513	0.998389219797254	0.970211830780655	0.838342452278797	0.88714290043595	0.0154616559306427	0.265732099146081	0.608960491818726	0.639079440436582	0.517752332209783	0.00764705871063569	0.225325228688211	0.957843038798951
Large_Intestine.Goblet cell, top of crypt (Distal)	0.663769180899697	0.445821291920808	0.592401888130425	0.670317639241467	0.547835428306777	0.861948325654437	0.153179438837647	0.969157593163579	0.815562567961905	0.749811668521121	0.857086336793479	0.857557226270104	0.99431663722435	0.159804306826964	0.821468270236451	0.999625777216831	0.920723336219197	0.988204163264132	0.834405640266352	0.383085135825832	0.556043015306583	0.985250965076758	0.91145252020983	0.37328224576943	0.17103837723619	0.815211458950743	0.85898846310801
Large_Intestine.Lgr5+ amplifying undifferentiated cell (Distal)	0.817722732756743	0.983082980323736	0.741728559516423	0.527192920548958	0.33233921646099	0.999999522945559	0.0641954450837971	0.993814602708788	0.227056641412563	0.207887903557671	0.990650098090415	0.999999476260278	0.768678106114834	0.00445905944095681	0.998450790203152	0.998763978105448	0.999241714290011	0.992177510561493	0.952760594693829	0.0152647318998683	0.737015203185107	0.965135405179402	0.850521763856372	0.510405906071841	0.0335266026302981	0.225165433598396	0.999999494993976
Large_Intestine.Lgr5+ amplifying undifferentiated cell (Proximal)	0.505582234764336	0.996483402297064	0.747745904184418	0.666879960718914	0.254770612663088	0.99999763481972	0.296014416268059	0.997347942301858	0.282180488838722	0.59739256609347	0.992398995612328	0.999997741444937	0.828029997969011	0.000234173547692515	0.974784007036054	0.989092593761856	0.998432635728286	0.989937851844581	0.979800841587625	0.000170519024511763	0.600217498943069	0.838853424855446	0.873865901345567	0.744488223306889	0.0373355450003273	0.279947163372562	0.999997735617172
Large_Intestine.Lgr5+ undifferentiated cell (Distal)	0.520185596040074	0.996345610323724	0.668463449393782	0.74202153005272	0.747363776927123	0.99999941405903	0.101187205149671	0.998097647114214	0.37433442980985	0.249350440040113	0.988040057135712	0.999999385409305	0.94984273564448	0.000500255513492882	0.999452994004235	0.999888232572976	0.998147322958933	0.998270135149917	0.985663828204662	0.00500366388980046	0.798355447549628	0.975570270702466	0.858347248136712	0.534846970248744	0.11691607806455	0.373324972593614	0.999999402282552
Large_Intestine.Lgr5+ undifferentiated cell (Proximal)	0.343168100921361	0.927576614668038	0.846909771932639	0.789837644806943	0.247453154915205	0.999761805397884	0.335683932854023	0.998646979359879	0.48861929632979	0.495641443137614	0.916265861166329	0.999768898640701	0.972996029834015	3.53361842686279e-06	0.969132576387662	0.998970864153343	0.99640785807026	0.995357405856012	0.95798516477876	0.00248677524570554	0.53137861666433	0.918304874035159	0.940873028529963	0.57803233262511	0.106378274722698	0.487788370186233	0.999769776138448
Large_Intestine.Lgr5- amplifying undifferentiated cell	0.281628183340555	0.875354354936386	0.88928842484219	0.10791323528544	0.0897831971066722	0.981940612742055	0.132762585169443	0.790026050120965	0.326112985147392	0.826484889578469	0.812523683728654	0.982064024201384	0.986704103461632	0.000798921959594285	0.648623012584633	0.966868446275669	0.990605792962849	0.973827273254681	0.634104201743718	0.0211350174274967	0.065132945418608	0.960299647457795	0.706114824367909	0.329174032303019	0.00233606562078917	0.323713271027189	0.982215459954894
Large_Intestine.Lgr5- undifferentiated cell	0.769201390031187	0.306659898288993	0.875649204523103	0.179500616619238	0.138880780774396	0.679826872791559	0.172649209787621	0.874015043670493	0.855937119849192	0.93193168991064	0.444907869608187	0.682846829008482	0.954468177423217	0.0126466402495631	0.349989495625838	0.964564915990176	0.962083818761772	0.985861509612374	0.552742253077882	0.538563905135128	0.1163171684827	0.979205801848837	0.478694839224665	0.273455285165513	0.00132928996381644	0.854915201040395	0.682222905373842
Large_Intestine.Tuft cell	0.118076121345275	0.00218722616550688	0.0417347155466218	0.00317214252724662	0.00010481918789548	0.000875313346692509	0.000420422760873031	0.0578066848295326	0.0691806548906107	0.0259123304644609	0.0398087298272738	0.000878393448061345	0.637664105812965	0.0103183704412932	0.392867895697817	0.497257724094548	0.214931850346744	0.270787664326805	0.00112553028209569	0.0628740072593667	0.000963184882404049	0.000215277715848026	0.0205390298226375	3.75283565424673e-05	0.00892359863743238	0.0692195815560747	0.000878797878737834
Limb_Muscle.B cell	0.581496790422469	6.06142015359016e-24	0.498125101466383	0.90343264637416	0.415320124736838	2.7397161143517e-24	0.475601689735121	0.802925148948843	0.0663973174162828	0.10023070496869	3.38468019621229e-24	3.26353582388824e-24	0.609202761505023	0.0315928351842206	1.67428891371801e-22	0.297018265123048	4.6502292100813e-08	0.323053895951814	2.0282068683733e-31	0.049013081400605	0.869339890662219	0.0363974065005167	0.531945609627506	1.34675262444708e-12	0.114994867100733	0.0667636435170302	3.13544688262744e-24
Limb_Muscle.T cell	0.449097043623887	1.07801436361656e-28	0.0604965344542095	0.980275456778561	0.627359815891622	1.42626863046382e-17	0.361232677199226	0.928783827512208	0.882158807943114	0.953207907405685	3.4697777520547e-26	1.56176820591985e-17	0.653080443882546	0.511158957393122	6.14187776779931e-14	0.0885484377712883	0.00253533062678285	0.456939241038046	1.25976770467254e-16	0.149912713232165	0.980603945747988	0.545414250672785	0.481203036791514	7.3929786786113e-15	0.62210199524101	0.8823681423251	1.51011352717286e-17
Limb_Muscle.endothelial cell	0.151436053273056	0.718604764624118	0.927074206693834	0.957335105335346	0.00951507086628696	0.141752418933608	0.245184525545415	0.974698699034805	0.508601463459294	0.0747148101661671	0.677905771766734	0.144238211487949	0.791740321166874	0.179785509136496	0.00256996524734114	0.603094943830191	0.00422572260089621	0.809107726796122	0.619582361212285	0.9737507474436	7.13770183447849e-06	0.965154643704101	0.99617374547912	0.493503011753095	0.829410272798153	0.50736541264746	0.143745595812247
Limb_Muscle.lymphocyte	0.655429206175528	1.58337295401523e-30	0.564905714027908	0.999853227697882	0.886200294001088	7.94491594370601e-21	0.672971293232634	0.982115176758309	0.478938311073044	0.60305940611773	5.60523868910406e-32	8.27549543868038e-21	0.68627916531167	0.0393881863549344	5.29932107114341e-19	0.794776265009624	1.26043821564517e-05	0.711461661254323	1.36105047190936e-35	0.379405034509349	0.999040989090542	0.726957972865641	0.748471761638779	3.70583386473498e-11	0.458916861599723	0.480830566015828	8.39079083533145e-21
Limb_Muscle.macrophage	0.856761580487127	1.61758380267198e-06	0.992484209626527	0.999999366972069	0.967065368771194	2.24962341323909e-12	0.22094815975085	0.999970672653181	0.0336359092476798	0.0162066732307612	2.18840424008162e-06	2.12649477775954e-12	0.944429911423639	0.000131770480324468	2.41628379337567e-07	0.998179103078603	1.92813184860805e-12	0.976755822582565	5.84742992560256e-06	0.0325999489683835	0.999624611245092	0.992731454911912	0.995552843556703	0.00315973387208799	0.999337234336611	0.0336295342128051	2.1116229161665e-12
Limb_Muscle.mesenchymal stem cell	0.611544522408873	0.999058754363505	0.997711529963436	0.987341230783391	0.989580777456521	0.723806200468565	0.918149200235792	0.981434908810304	0.998859578734595	0.997305710919224	0.997637503859041	0.721958742226819	0.808066695410653	0.995468432452622	0.999997388263775	0.727694676142978	0.997387295501447	0.878458488951285	0.977933745639614	0.999999999990929	0.0899853064479716	0.99938026265643	0.948735410141091	0.952500572654555	0.989188487609863	0.998842704179786	0.721155847233651
Limb_Muscle.skeletal muscle satellite cell	0.128272995350799	0.834588762997312	0.913449757810411	0.342676530109713	0.925826152944259	0.130763128724318	0.84100477588675	0.537340650603767	0.818641306669729	0.847306554344759	0.747442393668867	0.13354430749935	0.363527148873777	0.986722452630521	0.86149407606038	0.0926422319371826	0.416311815035673	0.584211273586495	0.98991727142334	0.96247839756416	0.216130996588294	0.868823811164089	0.732980984983626	0.827711136870953	0.496644029781337	0.818555799248062	0.133178453430051
Limb_Muscle.skeletal muscle satellite stem cell	0.180727314746504	0.675074747703106	0.911879726288419	0.435034174448353	0.865615522201988	0.201982745464143	0.900420072214161	0.601426851595285	0.672395534393369	0.870776711658925	0.647871877285205	0.204485453710203	0.286859092102843	0.983606775368629	0.646717419671482	0.306316784072058	0.254186836855139	0.828471563965074	0.968232309656887	0.943921794989354	0.239258309797053	0.834064026801307	0.610134643715909	0.881016256734149	0.466068737817389	0.672612686331344	0.204128132550026
Liver.B cell	0.793009535902651	3.20486750031887e-14	0.425094258234292	0.94314816641862	0.306096144809372	3.15118017934792e-08	0.400992706754205	0.983749136527267	5.61547380622332e-06	2.9821902932897e-05	3.33432948387256e-09	3.32250335158241e-08	0.742924026168752	1.94074660914585e-06	3.60274366377627e-13	0.835273897412428	1.16244624107674e-05	0.594492585900245	6.8446104406329e-14	0.0661923945805824	0.964417409207885	0.856332263195429	0.88595971743121	3.19226165176582e-08	0.552233509899847	5.56374603492246e-06	3.27708415337206e-08
Liver.Kupffer cell	0.968756949563853	0.00782869189097605	0.999821326294084	0.999995609134159	0.975267442240479	0.0278388637295063	0.241631223309605	0.999980182578482	1.89808663187823e-05	0.00545192452704692	0.181479359574855	0.0278901445315047	0.856312269918783	3.54288825494228e-06	0.0325962678089844	0.997881891764507	0.00460469726630932	0.698671720548401	0.0347199959577876	0.548490126768387	0.999927229845491	0.999639503267829	0.993058973027442	0.168706415091306	0.999187135749881	1.87630028204595e-05	0.0277902882477771
Liver.NK/NKT cells	0.839303449752238	2.29775440795486e-18	0.650806132137674	0.993617533199741	0.77991922592855	2.33477712185442e-09	0.584241655472305	0.997861710565067	0.00245621570805425	0.198095590851878	8.41034816309292e-22	2.31221105761383e-09	0.924792370231724	9.26956839414233e-05	3.70579540057446e-12	0.96331255578324	0.000511292486367836	0.974738279775878	2.81948766400889e-09	0.0461411595977447	0.99981746981888	0.999197723104797	0.981758029538561	7.0765555501639e-08	0.887197747628368	0.00244626161046545	2.26873573278491e-09
Liver.endothelial cell of hepatic sinusoid	0.629340228698196	0.650445597051809	0.999464953609413	0.998304067016493	0.265874627774516	0.980697253409194	0.0234320878239229	0.997287449817465	0.0169402960281926	0.047418512732398	0.78066415162861	0.981122634645254	0.997380686829768	0.0112250547140679	0.548411604516254	0.909184240826714	0.466315302110173	0.887863589626573	0.675364415749695	0.987118954452056	0.0438916193894254	0.981243078767641	0.943782223226179	0.91547680346666	0.877691014369178	0.0167449972004267	0.981054260394143
Liver.hepatocyte	0.959793025286035	0.944367305920743	0.876291372855721	0.998466026343609	0.723563149937886	0.999757397423988	0.350994785181851	0.99966455638503	6.64038178168556e-08	0.000159395912226121	0.990505925841915	0.999757963441211	0.464415737376145	1.20857640639885e-11	0.999878945415427	0.974747058455846	0.983973207897574	0.918669346782012	0.994509699891444	0.163995594698645	0.967281986798388	0.999237624943283	0.992428483839941	0.953544324200513	0.70486333279499	6.6158432075119e-08	0.999757530898712
Lung.B cell	0.31462633081901	2.07542697223336e-19	0.836457393861739	0.978699730741685	0.554063385274998	2.67453419490512e-18	0.679779769127228	0.906698073992096	0.247179130194564	0.0296422724362523	3.45843170406353e-22	2.98355967802068e-18	0.835093247070813	0.374227524101824	8.99299239331454e-25	0.682499006988924	8.92298040177729e-09	0.887422969415724	8.21069385179567e-26	0.353133503080805	0.958445949448097	0.275989568406369	0.790789341715177	7.34753045020313e-14	0.246189706880613	0.247795173952714	2.96130279090136e-18
Lung.T cell	0.622210055579026	3.95155533510453e-26	0.134440673918409	0.950071678773772	0.870712732744124	3.5451164531417e-17	0.693755424048636	0.907686223610544	0.893696913512735	0.444607588696475	1.11419259880821e-29	3.39888704487048e-17	0.874216222948213	0.321449134852836	4.32098962701344e-21	0.573902844648137	7.14206378302647e-05	0.880942769307065	2.9085482200221e-22	0.0339805364058421	0.998504714058673	0.979183078386604	0.573466876868693	4.06607874785176e-22	0.638839248617618	0.894110241784029	3.29862112213715e-17
Lung.alveolar epithelial type 1 cells, alveolar epithelial type 2 cells, club cells, and basal cells	0.886615210148459	0.476576253261002	0.570484925558004	0.921716656174637	0.466662027644658	0.738474417183607	0.0407221579648223	0.956416094832481	0.488415474505142	0.244514166336387	0.863646685672454	0.738297803158602	0.981839361638435	0.287156616456659	0.922775162563204	0.817644622578712	0.974691905762021	0.318991905431617	0.226560407233033	0.947281244739653	0.137389980394086	0.771714162091796	0.683985914334481	0.24229353079014	0.373917768330153	0.488815521587579	0.738313337461578
Lung.circulating monocytes	0.542381018126561	4.24160837821011e-09	0.962968660529758	0.840310757893169	0.0909576545144683	7.25060441731153e-11	0.152290822637215	0.666261744387753	0.112236571546822	0.000102218694825829	6.0544783099119e-09	7.52448529208955e-11	0.950977189789172	0.00824389670343995	6.69843417790445e-19	0.819514223708919	1.52336561652046e-32	0.436865560346541	0.00223874012112561	9.99549608811808e-07	0.941447479543244	0.846344782044007	0.948211633502104	0.000694801553918256	0.827500337710286	0.111454565175854	7.35478379532415e-11
Lung.dendritic cells, alveolar macrophages, and interstital macrophages	0.670720313416261	3.60610909743424e-23	0.877644632936872	0.99997426302744	0.688193665862869	7.74588094034683e-15	0.548584372185786	0.999399256121085	0.0795366654536661	0.122830047125851	9.62322694777443e-26	8.79195443160542e-15	0.860446897024498	0.00179253971877372	1.41035610435121e-15	0.994434078968159	6.3795714589094e-15	0.84679097293216	6.36606859666935e-12	0.0700474559566592	0.999471537355723	0.594515025686669	0.949828301212711	8.39349902448293e-07	0.793068951947379	0.0787454613525109	8.66288154094787e-15
Lung.invading monocytes	0.928246899182515	7.23090816495911e-07	0.990128518323184	0.999980271107941	0.898694964259304	2.28717266518276e-08	0.146211883643891	0.999710733938512	0.558911841603139	0.000501193245094435	9.25923101350271e-08	2.15436750748205e-08	0.930830700814598	0.00851659814056318	1.19614862484200e-11	0.998292892512261	1.06634307704479e-28	0.894444062213513	0.00209441544859271	2.64965882457348e-06	0.999611025944157	0.913072876039406	0.998579052087832	0.000450151442457182	0.998561022818742	0.557140294933555	2.1712048565256e-08
Lung.lung endothelial cell	0.498222359497416	0.888238952216959	0.959032729120341	0.91850914456373	0.00403379999755903	0.745306786541826	0.220941492810747	0.985272004496528	0.778570552704616	0.030681896586653	0.722358789742735	0.749210865872083	0.843012300298335	0.352686448425644	0.0160194074524639	0.586415117541229	0.0239639168206315	0.199322408606743	0.169872463954294	0.985932603350075	1.18292967462099e-05	0.32409142329444	0.811657401768717	0.69705779796429	0.891950894428983	0.777567491534578	0.748683220872291
Lung.mast cells and unknown immune cells	0.841678209180096	0.0397979294053791	0.999937812026646	0.999933332099431	0.995122433270707	8.41169970701457e-07	0.287459396423527	0.999282743588338	0.836259121592904	0.330110775589776	0.244925536938898	8.81693704431004e-07	0.857768616818066	0.135133303495629	0.00024769590508399	0.941768714537756	1.14057660793744e-12	0.911809286889664	0.0323206775985789	0.0169931408472118	0.999999817592856	0.999924095964301	0.999666800575904	0.590732224820764	0.993567421517189	0.836728472129511	8.72203272822178e-07
Lung.multiciliated cells	0.935916371944305	0.980793310805603	0.987617372644836	0.89270451381667	0.856861336868429	0.999950013078788	0.292328754065144	0.23501176341133	0.99586767835188	0.998569404988382	0.930627409219056	0.999949821140894	0.921433213817922	0.911802667961008	0.997506957116422	0.791754074673152	0.981556980556298	0.957112799397709	0.946303684487794	0.631906995730559	0.998080285073471	0.842236072109161	0.945063032025975	0.87917741688182	0.707713925704747	0.995954057263374	0.999949643468752
Lung.natural killer cell	0.842666504698827	9.97520740060819e-12	0.965650778201432	0.991581910724203	0.99014369754247	6.3897754201303e-13	0.86216285376599	0.999723698009028	0.844385151403243	0.972251233006851	3.40358999916843e-14	6.74934851072776e-13	0.98993242342928	0.14810855981799	1.98537670802421e-15	0.999588029941791	2.1959718733964e-07	0.99956836119076	3.14444826135066e-07	0.0954138056220658	0.997875648452931	0.999049005363137	0.896294990182409	3.31367964057623e-05	0.9490639004376	0.844952590110992	6.66942227448052e-13
Lung.stromal cell	0.321517010393204	0.999835139039968	0.998525252894928	0.60127881887576	0.250473269258053	0.833893337227117	0.536474784905394	0.999360675859062	0.567781589677101	0.949799004205066	0.999682781606459	0.835504847232311	0.734296275657015	0.869796943901458	0.999979794669279	0.531971020805233	0.999827235668214	0.615366978404646	0.991933789422682	0.999999996872133	2.11537730449938e-06	0.991658792006846	0.933976081594037	0.853041390909578	0.927136736576779	0.567282369895178	0.834918753992233
Mammary_Gland.basal cell	0.525087640741894	0.99839001845552	0.76048279554825	0.852007691082243	0.939127486449698	0.979825157331567	0.699009695554568	0.387854680727722	0.977987556461253	0.726408965527408	0.972638861671341	0.980020620935643	0.962353178130177	0.69542640607995	0.999814930207449	0.0674510867093995	0.999683663658308	0.250895975396594	0.849897932339124	0.915682668627469	0.116262371494291	0.508213835927805	0.323204749002051	0.924881152373749	0.844298902283606	0.977808835788768	0.980187436387859
Mammary_Gland.endothelial cell	0.0853757085679882	0.594163941040948	0.946859096990649	0.979367564376432	0.0276661521009388	0.0644688155508461	0.121921129526202	0.946991501068059	0.515455887835258	0.0922631623396312	0.675463844147242	0.066444708419479	0.777439942449479	0.0284940473002259	0.00204525799330353	0.538256991515292	0.00117300712340661	0.963824825898325	0.278068702537136	0.936239066999661	2.71442992129421e-06	0.940153308060574	0.923491533089654	0.223344644454204	0.785350163128255	0.514785301069276	0.0661089633891936
Mammary_Gland.luminal progenitor	0.396051896825687	0.71331652218684	0.901662718113033	0.92183113568444	0.946296252372271	0.901743217465269	0.148173557738386	0.973551291151784	0.668116237290022	0.807953078349425	0.979596926614324	0.897130809843091	0.997654798156553	0.113092016112429	0.99870489072336	0.485367694241318	0.922267005281048	0.963683365445771	0.426709650664932	0.12377417316563	0.766011819236194	0.964106232103636	0.884499339132904	0.939938392037988	0.691794411922636	0.667635117094416	0.899000140095864
Mammary_Gland.mature luminal cell	0.219183492448287	0.0187630014758101	0.0776986455478824	0.246518857114479	0.179492749519169	0.972799008462946	0.573002830924663	0.863555769421767	0.00182927944183677	1.90728732683606e-05	0.165097729848028	0.973275364358524	0.823482782716766	0.00149790318270774	0.185516998379169	0.788908585170717	0.470514234370087	0.366883071481162	0.346812183492684	0.000700566383208296	0.095207561744698	0.300437145013434	0.944993912347235	0.215759722259028	0.325409872460519	0.00181727537850721	0.973340048137804
Mammary_Gland.stromal cell	0.24317973469253	0.998779902493918	0.999367093685175	0.984574279986115	0.947817270830568	0.611741263767378	0.678815833327098	0.976680389579058	0.993210568256115	0.989693399508556	0.996125384770875	0.611654151990322	0.937071265117757	0.986955608138464	0.999989343296725	0.814993639062612	0.999523911547657	0.891832420591702	0.797840491039227	0.999999999980739	0.00491945476054169	0.97143254688002	0.916382345554035	0.953306388726012	0.964366435746922	0.993121124641541	0.610673665946353
Marrow.Cd3e+ Klrb1+ B cell	0.303582416694452	1.47108932633181e-32	0.368240421324974	0.968491601784552	0.901598258204349	3.90726542513853e-20	0.915613886042506	0.955981332390539	0.365084345383804	0.22778312426662	2.41221941425666e-36	4.3003980546523e-20	0.399529650607015	0.0103974826506128	3.83677916686576e-33	0.87572359281387	2.9116231231185e-13	0.942553865913056	4.27469609000016e-25	7.02104314968248e-07	0.999832247676443	0.475043486941836	0.993757533581167	1.45276416330632e-14	0.161586012857029	0.364956186993519	4.27872188492127e-20
Marrow.Dntt+ late pro-B cell	0.467736253946695	0.00125803289643889	0.0167089980831389	0.889980708256478	0.697575258252172	0.256960339382397	0.954837317176051	0.294484955980971	0.109373259436788	0.770252681820493	4.57294136043273e-05	0.261860168873902	0.220124145006216	0.23186080881526	2.75271139742131e-08	0.373700594296604	0.000325832536000101	0.90214632283923	4.66055508615196e-07	1.01791892891995e-09	0.986870036496409	0.0577545088344395	0.869379408281375	0.0220442625024316	0.0546431580533549	0.108654869421838	0.261811331065919
Marrow.Dntt- late pro-B cell	0.353429715192046	0.0100289264704638	0.0141450444550641	0.793623652903596	0.637403600911103	0.273419911645632	0.956063426508273	0.220298662768853	0.0506821944140655	0.648180503339633	0.000184523760930765	0.27619277446129	0.216688651575008	0.263155952605637	8.43561455519137e-07	0.161492988062027	0.00449196133623211	0.833451633447712	9.49350453647063e-06	1.49483712682918e-08	0.936908226684029	0.0499424065630621	0.703392181922845	0.0200826952208051	0.0645868582124888	0.0502422407172682	0.276193036294168
Marrow.Slamf1-negative multipotent progenitor cell	0.739464770780906	0.0340295645199573	0.018127984336244	0.680195276686703	0.175950280405959	0.0123968413938483	0.983601595893422	0.599592860654796	0.131799290329692	0.0960957575154631	3.00654865455099e-05	0.0125126678881287	0.383802971155933	0.014913627596049	1.51710637764676e-10	0.576362681217399	2.634489165412e-17	0.634691934953203	0.000145557325192706	1.31023051416348e-13	0.571188640295275	0.159613583255243	0.622238062449119	0.0974961805745038	0.48274941485741	0.132010189953837	0.0125314259860713
Marrow.Slamf1-positive multipotent progenitor cell	0.59744768091177	0.46879977592111	0.0848161710861875	0.727879685864475	0.235287196931407	0.310514712833203	0.995551200336311	0.461911218411819	0.137122682133229	0.435205817404573	0.0342310093140337	0.315698799589565	0.116042169298083	0.326015303276651	3.9092542394849e-06	0.174573768345615	1.31624774421307e-09	0.836981394461926	0.0195179265789772	2.24925403351112e-14	0.65831051549175	0.209632353305252	0.651778124312975	0.641874972513205	0.291665935078405	0.136420632137032	0.314956328099003
Marrow.basophil	0.219426582798568	5.29645463267186e-05	0.27130659758592	0.905785627853147	0.371125302626572	2.58820245123255e-07	0.416321423236012	0.921048891109273	0.0544423875014384	0.00538292460548633	8.34849129992682e-06	2.67716934989972e-07	0.375383909202486	0.00979445896505503	2.52137537877509e-18	0.864139455325853	5.9576226610866e-16	0.928526390856169	2.85614043471552e-09	4.73469778577066e-10	0.916669870959509	0.588457654777065	0.877453676743788	0.00467422927685375	0.274029612866072	0.0547167239717188	2.61875785628258e-07
Marrow.common lymphoid progenitor	0.621153157441588	0.209811759556569	0.0717992813953289	0.71089495935949	0.228998178464783	0.285771186760051	0.99458574852069	0.395934172169938	0.067905098762196	0.614813023309357	0.00394166254449463	0.292123896483013	0.180021278071343	0.301328704516256	2.33574006687207e-06	0.498122464680319	3.18686307254054e-10	0.915585324466348	0.00484678078880292	4.13703135812862e-11	0.700962394634149	0.0870972533024073	0.573756673471317	0.222981997374555	0.593196279478423	0.0672574360095786	0.291394827472981
Marrow.granulocyte	0.985548263037366	0.00978329756797581	0.984493746519875	0.984610163002895	0.9700127102478	7.05324379462163e-06	0.0150240888490603	0.887660626160434	0.645467232149751	0.0392977542337054	0.0473483720611535	7.10960673630288e-06	0.363534079107949	0.470070762901153	0.00164661898036327	0.937285583295815	4.0843278597695e-12	0.91152955045732	0.153325544121037	0.0141218477909937	0.99974308611533	0.954474980768208	0.989920202739215	0.491542265945455	0.944743269500378	0.646401535659369	7.03673901905758e-06
Marrow.granulocyte monocyte progenitor cell	0.365824022715903	0.00530009505721046	0.029597202504321	0.808223725771292	0.396218994787782	0.00212971252812743	0.964231107163675	0.748204348672411	0.0306975248213715	0.0670156715965697	1.99840123103767e-06	0.00220631172978826	0.10106017571867	0.0451062987155316	5.39614830676385e-09	0.516098421792148	1.90108175695972e-15	0.948934234872744	8.41154646537994e-07	1.54501224630615e-16	0.978688177773723	0.279818003095315	0.691591872163532	0.036981700578696	0.268842208655269	0.0301922375329591	0.0021916921913817
Marrow.granulocytopoietic cell	0.973200926149858	0.0444995810585488	0.554546928332711	0.958905620736854	0.983561802520308	0.036222990303616	0.247642463604533	0.754233640398269	0.140268727913892	0.0399495811513795	0.0271242205904882	0.035984751324258	0.113270683272667	0.62584525741602	0.0233493251121677	0.953979048382133	2.99809583567533e-12	0.971497171327651	0.0693191382957081	1.57494311269362e-09	0.998750030904204	0.812275351458106	0.918707722128569	0.560509385744723	0.223842301408502	0.140653417477214	0.0359192266412965
Marrow.hematopoietic precursor cell	0.447651960075675	0.00555316512251616	0.0581112685651613	0.501453845997423	0.0812830789648225	0.000711478542630495	0.986444012557732	0.227664111951902	0.43321980335034	0.18119276051558	2.14849810264624e-05	0.000744832878573839	0.55608436572032	0.0736955868139012	6.85123381062075e-12	0.451714618038739	1.70101174863604e-16	0.62463970830853	0.00105472544487511	4.21012708881148e-07	0.287264736626745	0.0419826095315256	0.696657514181653	0.0818695518017668	0.315839919758461	0.433454797464386	0.000744011645917455
Marrow.immature B cell	0.0333131794150119	6.31119674746555e-16	0.250183928229402	0.52338966110644	0.259224852200774	6.00104356127454e-12	0.56006256931454	0.658722168900514	0.180055648056996	0.0920177413191682	4.9110447587839e-18	7.28358915026027e-12	0.758988840788651	0.146359029367795	2.36907510666879e-28	0.308967440813733	1.08587096557425e-12	0.584363691785856	7.01490814139191e-19	5.80648041877918e-05	0.690837226881572	0.012167749978607	0.757740035402413	2.0277633479679e-07	0.169205041708148	0.179306324915731	7.10604340481832e-12
Marrow.immature NK T cell	0.613028700537649	1.81573558776003e-22	0.782511266770293	0.98300650134495	0.995244279421429	1.84141745330225e-10	0.966006458585915	0.998961309090826	0.886234091418509	0.732947995625967	1.28005822605699e-18	1.62956289140513e-10	0.938094159609095	0.269478739629598	7.35537209737217e-21	0.988529213817778	1.27789734346262e-07	0.997001344789772	7.59814064206103e-12	0.000688540189331433	0.999859635795453	0.987723131992061	0.992266096886336	7.74191207357885e-08	0.849974506960323	0.886536808932831	1.64874296827265e-10
Marrow.immature T cell	0.180826513888481	1.45639191437299e-27	0.0745283646830626	0.880550995881369	0.928808174326662	8.90253569861001e-20	0.771652110127596	0.930714706827512	0.694019167676134	0.5425297528009	1.35333494457166e-29	9.38138540138034e-20	0.582272362348947	0.421065990196463	7.30412363204339e-25	0.252425885893064	8.82219323152087e-08	0.756664357843498	3.41200887566321e-19	0.00566795835694869	0.998545156963437	0.799618291235562	0.950150537239286	1.26834761025978e-14	0.226322776030162	0.694824163283163	9.02318684963756e-20
Marrow.immature natural killer cell	0.85325306813836	4.21202728969753e-18	0.987307303589169	0.996706433952566	0.972785585442451	4.72294797260501e-16	0.900322602318248	0.997466524852758	0.740858162494788	0.610129470255569	2.03485896247292e-19	4.81696660463225e-16	0.905077778502561	0.263820542046113	3.51964783833496e-21	0.99974792769053	1.0611152616107e-08	0.999702752826707	2.35465107248262e-11	0.0220369445275886	0.997507254305844	0.999325190742979	0.995181025720519	8.84286290988724e-09	0.88171899174329	0.742280200895234	4.68374324943482e-16
Marrow.macrophage	0.383045380899292	6.85143062073416e-06	0.416588349819454	0.594173834455464	0.217707468286028	1.66296287793778e-08	0.963014336954036	0.266989744509606	0.262476622656411	0.0312568249370006	7.33975290641704e-08	1.86892590224235e-08	0.134130943803229	0.367825301485013	1.00842241508934e-10	0.873262182431936	3.61586097989233e-09	0.209379756578055	1.28879284548397e-06	0.000269183879999755	0.528982528911159	0.277814130650754	0.429999325941627	0.0234631414763136	0.177251587502324	0.262136604599417	1.8281800394535e-08
Marrow.mature natural killer cell	0.359016591744504	1.21925890257233e-14	0.9583557053038	0.952765498041199	0.996146734574423	6.36394321250211e-14	0.979193732970225	0.984188420735887	0.627883856909916	0.79776478180106	7.23383158196406e-17	6.42263799286574e-14	0.875858368729816	0.19951114927037	1.02665088593519e-19	0.986841194053266	2.42722900756834e-08	0.997141927583648	4.60134713693327e-10	9.75304456213341e-05	0.997086928855594	0.962180075210315	0.940369829163747	4.59132032290709e-07	0.685744892757921	0.628477925019667	6.43678624857508e-14
Marrow.megakaryocyte-erythroid progenitor cell	0.522861639118939	0.220406806823063	0.0564864927067931	0.647806286717755	0.289581300879767	0.611274758940908	0.956587624240787	0.199189393329132	0.150349087283931	0.416535338233563	0.0106180941035478	0.613406900209401	0.0688691881603367	0.0678899130575995	1.03852338557414e-05	0.280089818840372	3.7376763959773e-07	0.438642286533246	0.0616779775545173	4.57996396554327e-11	0.515449997247124	0.281325462954219	0.607553054729165	0.751134455345049	0.561356470857822	0.149962453222612	0.612995158525238
Marrow.monocyte	0.767560159976566	0.00411176714818981	0.965866936753568	0.999974838475458	0.991422658045381	4.30395625685461e-05	0.554246560295214	0.996931748366276	0.519610186799936	0.0225633127458936	0.000374848145897729	3.8324078444832e-05	0.667864445697775	0.234983854550342	4.67018785291325e-06	0.959179734780338	8.61480736196749e-21	0.970216270807679	0.0088736152791395	6.52264605034579e-09	0.999935926062247	0.765150765097161	0.999787689111962	0.185120507180233	0.955659503446864	0.518292429666633	3.83025341611606e-05
Marrow.naive B cell	0.243688904675985	3.55118048744114e-24	0.553470934107636	0.80598477079464	0.557641786443322	2.27203707738504e-21	0.360082609958455	0.683630981922307	0.241556914069464	0.0318010252313591	5.94124535066311e-25	2.74705557575864e-21	0.713319697421096	0.0825728277375407	1.13072741682514e-28	0.1436522169295	7.22396605168917e-10	0.322001781204045	3.57563194371008e-27	0.123513027159808	0.754989603247523	0.110564772880334	0.701064690675219	3.65824894493226e-15	0.129160287069846	0.242509927703981	2.66303342633917e-21
Marrow.pre-B cell (Philadelphia nomenclature)	0.421147903467835	2.03006510325441e-09	0.626879171277634	0.94406698384238	0.62171791061506	9.11589162732385e-05	0.629815309049426	0.489151433994945	0.94892888472881	0.761680851854549	2.14967361411883e-10	9.71212669449578e-05	0.97585953082943	0.374956180328749	1.65933158857735e-15	0.549666862390453	0.000426157407924941	0.825455425358151	1.0557988829712e-07	0.372763075535555	0.786961772605845	0.531918046975661	0.962778231584893	0.000300496838785639	0.495292011502451	0.949146995602792	9.62637594868191e-05
Marrow.pre-natural killer cell	0.540970107968974	0.000469307861241249	0.430066184745876	0.866095601451557	0.982602035012323	0.00243979578062821	0.990187029118361	0.576785870337864	0.0776398282561847	0.731566946214787	4.92879615903378e-06	0.00254712126136087	0.22054397258116	0.507348889095809	6.67675727606119e-08	0.772550821037018	0.000907370990685569	0.998426401360472	0.000737928439660807	4.1565377037352e-12	0.991405744295157	0.505391118613913	0.819831091019679	0.0268993929650851	0.322670928185353	0.0767039102199503	0.0025329995367511
Marrow.regulatory T cell	0.712054934390924	1.15837955921708e-31	0.244442376358168	0.927323049288735	0.740585641640242	9.28352283860482e-17	0.694335233269126	0.996146042244767	0.476379437250923	0.683859434652593	1.57238463455221e-37	9.69124241418713e-17	0.615803625019505	0.202241549656749	7.77804722765844e-18	0.76226327599596	0.000354312263911909	0.899888101902099	4.06719085813767e-17	0.0556558132822303	0.840342211007481	0.91308370108597	0.958121212499404	3.30753602772751e-15	0.496599648919367	0.476261778266773	9.48288226186325e-17
Pancreas.acinar cell	0.584267697851553	0.63710484862249	0.355003233633381	0.0175228736920037	0.00431825081605439	0.991597826943292	0.100895194279278	0.510986372143554	0.0366940692703685	0.115822668750398	0.931831539158948	0.991210646321857	0.179835387903554	0.351691712428325	0.890284578347439	0.670508252932868	0.986838738472573	0.585074109801766	0.799070348887382	0.460489714780587	0.317748326029325	0.939646917470942	0.34880505381162	0.485062599171265	0.0690348364878001	0.0368112041595362	0.991299755968985
Pancreas.beta cell	0.826219012859777	0.999999915186896	0.000303561443380962	1.2200701382368e-09	0.0318002094384188	0.999999969298804	0.48093224915624	7.38151715306808e-08	0.855515914021071	0.9657632966124	0.999968555983873	0.999999965580051	0.0142781218260091	0.999386533853037	0.999996288749574	0.00109128709989967	0.999999990220749	2.26602714795293e-08	0.99999819194146	0.990285188056539	0.763311518677296	4.43007557991446e-07	3.33293969417346e-06	0.996187370911373	4.3775311815146e-08	0.857413421870395	0.999999965519472
Pancreas.ductal cell	0.317347354994224	0.786862139259765	0.217796266427632	0.647379414717467	0.0615890685515239	0.999792955546969	0.0157872564209439	0.319368365600382	0.278353888765386	0.441955277904584	0.998042792763312	0.999789160673016	0.845217535554638	0.331088319410982	0.997470483028253	0.341954590675983	0.998819729706825	0.241456649441549	0.994838219929968	0.99110192973105	0.0455891003573084	0.538914527071444	0.565310088975502	0.364050036774097	0.0665088014268988	0.278071053755767	0.99979186895478
Pancreas.endothelial cell	0.409477649103309	0.947106344780391	0.995211490361383	0.805109288120424	0.000364153797375907	0.991208753174568	0.250175015044046	0.978635208558833	0.752435523543066	0.036848781041053	0.977940930149555	0.991433782401446	0.742647456012086	0.583028668735921	0.0469712425072645	0.778654652237984	0.0218965851471271	0.437994727305722	0.846672356637702	0.918613377934354	8.7308433632743e-08	0.811875020446538	0.959676430479042	0.372335657663689	0.717441538332866	0.752105465105056	0.991393219940021
Pancreas.leukocyte	0.271240496981347	3.28875622953647e-14	0.982746138942104	0.999661385959621	0.298780286545838	7.61828379227458e-11	0.333920613255399	0.999755171022641	0.0264541493209992	0.0037394587384715	2.71153619223446e-12	8.71955460168778e-11	0.622023247472825	0.0364204014875233	5.23337822520565e-15	0.995969971427215	3.21764360569471e-17	0.93259804753251	6.36621829367714e-10	0.00569411211186952	0.987359254089058	0.947795957182544	0.99940796869614	1.57568211391199e-05	0.753340958682996	0.0263401171438602	8.48793261022676e-11
Pancreas.pancreatic A cell	0.668157653321783	0.999980280484542	0.00152471943448971	4.20752650206198e-08	0.290798158364458	0.999998317391967	0.712991784379491	7.77283323606189e-08	0.973528351856455	0.988287359560549	0.999945885254819	0.999997982509397	0.0224419808869419	0.999931373041468	0.999999888629376	6.60414815042968e-06	0.999999993821852	1.21218772683064e-07	0.999083996614875	0.999863708417928	0.486150968726767	1.55644371247903e-06	0.000308303455526913	0.996897702103199	8.63315419349588e-06	0.974421791873885	0.99999798383677
Pancreas.pancreatic D cell	0.874600774279142	0.999999941577423	1.1800536653829e-06	4.50620713842387e-10	0.121502544083626	0.999999884725952	0.210723673187059	3.4389899211417e-12	0.969068998827819	0.994211934664391	0.999999085659763	0.99999986525153	0.00825245506273297	0.999985414200556	0.999999999998573	1.00208973110334e-08	0.999999999999993	7.5683070190845e-08	0.999997923781764	0.999999860699593	0.421466453391041	2.39482469676449e-07	2.78152382583927e-06	0.990081900137462	6.26452776418463e-06	0.969832617692454	0.999999865685926
Pancreas.pancreatic PP cell	0.479527856766896	0.99999588862541	0.000281013082794306	1.81341731418575e-10	0.0404218786797791	0.999996442169067	0.481206414577092	3.84587073405702e-10	0.865918096564986	0.851853483537376	0.999992523666485	0.999995855662512	0.0048368110602797	0.99983216577878	0.999999936783117	7.45283487086225e-08	0.99999999951985	3.25371603544265e-07	0.999832450993654	0.999145443749009	0.387957147597869	5.0923371516651e-07	9.15171289676e-06	0.97990382401828	4.6208442199222e-05	0.868883911203231	0.999995903224532
Pancreas.stellate cell	0.114288074849482	0.998985931182822	0.992383962576242	0.20704071619988	0.00804668906900914	0.999601193115098	0.390393890862034	0.956229257112802	0.765426400161555	0.674455749573116	0.999763074673503	0.999585348319273	0.394473673433147	0.98616086531901	0.999714707026846	0.906806585647597	0.992416900075983	0.762053018805986	0.999405145573195	0.999999981190391	3.09307913657301e-08	0.930187775569234	0.704544992848321	0.952555297741257	0.706723038236927	0.765004519039368	0.999584064551481
Skin.Basal IFE	0.295806838075113	0.994914966398938	0.470102284134869	0.736341532920811	0.463074929137679	0.578049414156274	0.800410555305486	0.341844113878157	0.951984103962641	0.859192491017037	0.954554168233258	0.579811003760721	0.807983805460035	0.618861482806666	0.99036223204206	0.209969454178033	0.975169660738781	0.775377455699531	0.934967864745952	0.354067275980331	0.208267220535421	0.973873697607332	0.353506769816979	0.973077976925489	0.860223852128274	0.951922782947235	0.581655038312267
Skin.Inner Bulge	0.326457211162805	0.936365869603917	0.395899363447399	0.19699000768878	0.173441510836245	0.803488761758868	0.79929030972141	0.318480661473031	0.731687557820579	0.799749486193345	0.906530042746731	0.805030176987042	0.926914702697985	0.411172524797137	0.993677528490985	0.396107602017363	0.960461595660367	0.20305343863619	0.941237782250658	0.981962337403795	0.397946150242076	0.305777476176152	0.526734365361635	0.857310660948487	0.855194887378562	0.732319986027617	0.805623550967532
Skin.Intermediate IFE	0.195381404743994	0.92761505649049	0.578353049769736	0.934989946066898	0.774972973512627	0.668841291566648	0.944311233514714	0.534783857832725	0.756403153585237	0.767011363720143	0.954124971655974	0.67397586927029	0.783486880305302	0.0712282702769858	0.941771242322877	0.658073033305216	0.907660344007947	0.716338857401811	0.917343248586531	0.0119062135353998	0.818705970830535	0.956010816331683	0.742823686514959	0.896012328342561	0.628941023793129	0.757390536552807	0.674451788945365
Skin.Outer Bulge	0.478119644169096	0.999546503763945	0.666283789659537	0.255649327829915	0.276535568790846	0.981972812499359	0.707259243310152	0.213912213122864	0.705758483848238	0.833639754272213	0.993132180106719	0.98183081258991	0.932922984968313	0.897421116115993	0.998990321491689	0.269171394552413	0.997535489243671	0.128496970716596	0.960063262090898	0.995930262362754	0.122645418891252	0.270835770759616	0.202440134370347	0.956176314741566	0.744617607684961	0.70551175841083	0.982033427770338
Skin.Replicating Basal IFE	0.358101237692689	0.999988806927017	0.297372310977254	0.604796769833817	0.604961884644871	0.997186909175155	0.742218128250448	0.0871945936775954	0.292797328640592	0.891202346159081	0.999354508814455	0.997248854217367	0.0943381548297641	0.76883082422349	0.999275632114257	0.356412218566645	0.997502084743921	0.907469686639109	0.960690936683617	0.00138676652120334	0.428311532305823	0.829111334470727	0.1504209253246	0.999758876533135	0.641560260219119	0.291096986279215	0.997265230737552
Spleen.B cell	0.369669140232258	1.67916972492064e-24	0.652197321725138	0.82818376103575	0.489203060378294	6.4154340891163e-22	0.583121513076295	0.920857942248132	0.135820163076127	0.0509667374911258	3.20225154795575e-24	7.90562663881909e-22	0.585279368497782	0.0450345767396296	3.90746571732641e-28	0.104573240733469	1.11035948171309e-09	0.490253276010871	1.8235522101986e-27	0.221679356747103	0.709662277188061	0.29787871800474	0.783613495077299	5.26222047391346e-16	0.24633174326144	0.135990094123718	7.66345660673014e-22
Spleen.T cell	0.497061321850767	1.26440107222597e-30	0.165015349249979	0.920807376228132	0.733877530383679	1.02240436778908e-18	0.630315311466107	0.936350428080104	0.652585973304257	0.173377647999906	5.30248927195511e-33	9.81195542125228e-19	0.913477868783702	0.405161518609845	7.73838351115388e-28	0.462135879352104	2.53279209190103e-05	0.928045435033882	6.67324692169634e-23	0.0114592611051249	0.976462788584635	0.968556507453432	0.805760220588878	2.34784258469113e-19	0.377665452844948	0.653198594264817	9.52318715676979e-19
Spleen.macrophage	0.598531287598081	3.71610549937208e-10	0.980449949572333	0.985266782091278	0.935947520024159	9.22422555999133e-13	0.900895805163074	0.997379701882295	0.945767553533157	0.95872616263948	5.37627901985609e-12	1.00626568167733e-12	0.955724984553937	0.40564001333695	8.20662887071035e-17	0.999854923571133	8.97241609829609e-07	0.999438483466154	1.4439218285054e-07	0.115424866928975	0.993103727071891	0.997635981352572	0.970474517513379	1.50678023820142e-06	0.779499016355464	0.945963353574088	9.87186896171236e-13
Thymus.DN1 thymocytes	0.961242433799289	5.18066065778977e-21	0.835949320165116	0.996458778269474	0.98586431663411	6.31430770067279e-11	0.99436629613275	0.999807479644183	0.439007814150323	0.549449917729027	1.28896241699161e-23	6.07730489820711e-11	0.905633020688162	0.237770638535321	2.40491070460742e-16	0.936858457989925	8.10366965574173e-06	0.985515977246449	1.27252942772868e-12	0.161770554753027	0.999576308897652	0.99718511314184	0.938996640827245	1.03887486954108e-14	0.80931854381339	0.441248337230484	6.04509079446313e-11
Thymus.DN4-DP in transition Cd69 negative rapidly dividing thymocytes	0.757355334325611	0.00388729207289216	0.0203393086156657	0.547078633736211	0.828589074094709	0.138350072825299	0.937443892065441	0.321445801977449	0.0144707804517269	0.512716473032353	0.000276178831532601	0.139393110039386	0.482552460037461	0.701335152874548	0.000123095399510628	0.190160592591221	0.00262344587060761	0.35971437773564	1.65366624477377e-06	6.10964532046388e-08	0.835962536344614	0.119994083831832	0.722801700199644	0.0660974477733474	0.0877672243005047	0.0143234914448331	0.139608670530524
Thymus.DN4-DP in transition Cd69 negative thymocytes	0.945364007747393	5.48289955883899e-05	0.537204538807879	0.607381598754108	0.885646966723445	0.000633670690718699	0.94695855722258	0.667810219361767	0.836270225461655	0.683034818638756	0.00051739089549072	0.000647617374537621	0.955404529059666	0.94686616896853	4.77797053341513e-05	0.207844231604389	0.0220531075931857	0.17822793490896	2.12969526493968e-05	0.580084100926252	0.926280673577084	0.951712709938176	0.768333509065198	0.00409865498105812	0.387405487664725	0.835992140131322	0.000643976466782671
Thymus.DN4-DP in transition Cd69 negative thyomcytes	0.856466309514226	3.70511353394742e-05	0.0150297978020564	0.219489007908243	0.630190690990083	0.000171963323936	0.94561158261024	0.500555852847136	0.677593012106728	0.325532365235431	0.00010556050894303	0.000176768619999611	0.603848783631586	0.731175242526933	3.44827910673811e-07	0.040422723912382	6.24792708634591e-05	0.0570957965759395	9.04736223659721e-06	0.0180329120716491	0.764359520666407	0.293859145504702	0.278618365687136	0.0135266185144275	0.187996746496253	0.678197983960241	0.000175602315126882
Thymus.DN4-DP in transition Cd69 positive thymocytes	0.574647516783211	4.82415035928019e-27	0.0948104049425857	0.582310730952901	0.707370693840071	4.69061897799732e-13	0.761313830070938	0.391089535255066	0.290966225782897	0.0663976472781303	8.57924216152272e-26	4.76186175859675e-13	0.923479925696757	0.383703347125612	9.26574747777589e-21	0.289652198888357	1.97607751964411e-05	0.859666997973503	6.33708612981266e-18	0.0328007579756317	0.972267820067588	0.826937117586523	0.315343217140603	6.21585394758715e-15	0.379947341901642	0.291759181548713	4.70215180211224e-13
Thymus.antigen presenting cell	0.888932454278673	3.02128003499693e-16	0.992892330546358	0.995045888118897	0.195441203791149	1.7563582844528e-13	0.919387863560647	0.995927756232525	0.189120567293676	0.00888951960417912	6.93997478044824e-17	2.11597648675917e-13	0.625760416157839	0.00406134922559404	4.39431664469849e-15	0.829868291250995	1.10218656122875e-11	0.811474901849408	1.53471226207164e-19	0.441118608913499	0.623641879417017	0.684526454949685	0.969020182966315	2.9541476570806e-11	0.287215452962292	0.189259022424609	2.04662692183536e-13
Tongue.basal cells	0.0334952922979447	0.999423096889243	0.576021063447092	0.543856928304535	0.838490305107683	0.925243559750358	0.561805011297006	0.0121402498443691	0.952532442094963	0.551970157810008	0.985822961105643	0.9246345349815	0.868868141892558	0.779986905461944	0.999664930080911	0.368507255419189	0.993725695872668	0.627164555855091	0.992075368528839	0.0152188209635054	0.307089305188205	0.807061201506109	0.222967507168023	0.999893167494759	0.614075364506458	0.952495913531828	0.925084239652625
Tongue.differentiated keratinocyte	0.290713176107374	0.999785611768026	0.919229798678238	0.982704981909972	0.997821333412409	0.937412777420468	0.968916517382478	0.705051887242836	0.85443514107586	0.747787143007399	0.999562142356445	0.938308470465261	0.976375660594866	0.463721322522088	0.99625782493819	0.968696644904356	0.993303552102841	0.994434421601539	0.996817291828091	0.00210305993188662	0.983034626648837	0.998491062614053	0.98326676365813	0.999820238248271	0.729305137151404	0.854501935915813	0.938241636173109
Tongue.differentiating basal cells	0.280861625461885	0.99410647831354	0.903071395605778	0.8176085349476	0.99262781982102	0.706432475150884	0.967841671153519	0.443909846785659	0.828055643655459	0.903622509867959	0.998608963959108	0.708527481982552	0.958427620843025	0.80632027805307	0.999703179024312	0.920540269540888	0.97721753589508	0.931798267672206	0.976500183507715	0.0760498516111782	0.785307118874414	0.969621708026848	0.928417310101573	0.9995883579478	0.496748469672616	0.827755112065043	0.708630204486671
Tongue.filiform differentiated keratinocytes	0.253614471924474	0.966236862046315	0.872560068952101	0.178358068327857	0.409395694319246	0.739245303683478	0.99030376259492	0.253482083539559	0.803501895755628	0.439367557469154	0.929688522377228	0.742193931612077	0.204170078088573	0.927663123369892	0.991427599762548	0.678985165927734	0.804398749398824	0.669034490387036	0.999559451023063	0.0473283132295222	0.432436652658602	0.806439035788312	0.290445469700266	0.998059562939568	0.675477323504136	0.803248170312666	0.742592521600724
Tongue.proliferating	0.187717683568245	0.99999554577878	0.558332039049623	0.848821009303757	0.871727271971814	0.986894925290033	0.552250653229922	0.0649015942097302	0.744441188248091	0.666587509791142	0.997382557811206	0.986794863830857	0.671853628755681	0.824112726772283	0.999825530436217	0.706800929614729	0.998108666135442	0.966987091445604	0.993330126182129	0.000292063330662664	0.556921979595187	0.908039946057609	0.367215555019493	0.999874974125553	0.69189166118234	0.743177710263892	0.98681204345145
Tongue.suprabasal differentiating keratinocytes	0.770883204192712	0.983042282565182	0.908710485013614	0.845291149951531	0.865013594408106	0.770403572961069	0.986862738519947	0.755720562770775	0.629358929050761	0.853981483160866	0.993681551299444	0.774031773133102	0.786180036715119	0.87993408046741	0.936321277483415	0.990555617426988	0.894262065485644	0.950151007809352	0.979500933600298	0.171889055917822	0.949523558744612	0.993928705487083	0.904706944142544	0.998891261074149	0.451792300539432	0.629588454523775	0.773841369269328
Trachea.blood cell	0.596686903086926	7.2107664132228e-23	0.934618816338129	0.999897340331446	0.766666135144327	2.3405677380641e-23	0.574987443588337	0.996932908060604	0.0857213818797574	0.0527318322564373	3.08332239673937e-25	2.5741688538304e-23	0.666235234816077	0.00376670816171313	9.29934239585509e-18	0.577380256929298	2.86012830349737e-22	0.792105392010655	1.30707428999563e-16	0.00075931869675561	0.997420748990523	0.583260238437414	0.912004622759955	3.68036553143616e-08	0.916906769410937	0.0852135576787268	2.45235477523788e-23
Trachea.endothelial cell	0.0674719801193505	0.36380823579498	0.766556243863178	0.788539453189277	0.00142995946694579	0.18230617340534	0.133149931486809	0.591210871602527	0.489788786049677	0.192824397077379	0.429717468524958	0.186114535008457	0.582676635755322	0.242669027093045	0.000195384808493702	0.321997116184358	0.000339038875178383	0.459308253557238	0.480032011202036	0.930700398620021	5.25386499009966e-09	0.465627122964755	0.859842111694663	0.378011520310225	0.714846737976386	0.4880282652306	0.185400271970485
Trachea.epithelial cell	0.724190838830007	0.435186424556921	0.874229274463718	0.139520368635516	0.476353740161466	0.673284527002235	0.129405691470848	0.449711474105823	0.97341389826696	0.98071856949205	0.570969346167687	0.667526201087257	0.610854722248323	0.838073739732352	0.989082006412528	0.644366610669374	0.980780774648642	0.905355213655549	0.961273404940873	0.999787149029474	0.0230220562146155	0.767437540997448	0.315560403117395	0.669817310762993	0.124978662079579	0.973402549187747	0.667084480597428
Trachea.mesenchymal cell	0.184653475279141	0.999998368438083	0.994965635011266	0.498424121345501	0.769761960260912	0.923612740829172	0.783837615871015	0.829785903862544	0.98787728731402	0.988029710963522	0.999990174119958	0.923812167739715	0.260868897634069	0.99951738546904	0.999999448404499	0.471083390467955	0.999953730400435	0.492344581360051	0.993877671938514	0.999999999928988	1.24814842360513e-05	0.926498449691897	0.425135692346991	0.95716980365686	0.945175160543301	0.987717457740836	0.923371087640674
