cell_type	AF	AID	BD	BMI	Cardiovas	cd	CKD	College_edu	glucose_q	HDL_q	Hypothyroidism	ibd	insominia	LDL_q	Lymphocyte_count	MDD	Monocyte_count	Nrt_new	RA	RBC	SBP	Scz_new	Smoking	T1D	T2D_2	TG_q	uc
Bladder.Basal bladder epithelial cell	0.0052495935512284	0.999435491703471	0.842861495225356	0.895778178125987	0.777894567639225	0.998754674637005	0.178399256364162	0.628295157448721	0.911176912295285	0.80726790972244	0.99976877542157	0.998754616704794	0.399976305562733	0.715389513947061	0.999999570247383	0.589991488831686	0.999999915450558	0.986177570271128	0.999967966810539	0.691460252034255	0.529526814395832	0.898041105198694	0.455288980166754	0.999999453982954	0.929606618872627	0.91210183620587	0.998751999621594
Bladder.Bladder mesenchymal cell	0.221709456764877	0.999878952072393	0.903826829411526	0.161362380358873	0.843783045602413	0.826913538888845	0.790826771997449	0.857909796313634	0.869795850793016	0.894765025704193	0.999948433865488	0.827091617470848	0.369933894321646	0.989138986461342	0.999999753042701	0.606194980105795	0.999949992669842	0.598334170464212	0.954923347461396	0.999999970020359	0.0265860929558718	0.459972110142997	0.295213430972756	0.868483910342476	0.977777823078502	0.865912811996177	0.827259385490648
Bladder.Luminal bladder epithelial cell	0.0951380469571888	0.979193933074143	0.635093676458108	0.965309770043348	0.610801116264632	0.993427086549649	0.24639955878271	0.918284071147236	0.739112363001652	0.718153569919546	0.996435933920894	0.993409919677392	0.535280227826842	0.224162824533486	0.999930050108698	0.826012351368074	0.999998403211139	0.99739782647008	0.99466502664562	0.449056420743768	0.712717402605064	0.951243296358473	0.803727905036569	0.999885446131959	0.885277389224757	0.740396007820597	0.993394173741979
Brain_Myeloid.macrophage	0.952576216655315	3.2468566971904e-06	0.994724461764184	0.999775624843809	0.634849628092852	1.2908396968727e-10	0.467977713628653	0.996837568227102	0.0383732217299638	0.00521859156579639	7.19114116474391e-07	1.33176295448089e-10	0.550991772777537	0.375733250342363	8.06101664958502e-09	0.998184583669105	9.92556936368993e-18	0.955221229095272	0.00107874527182564	0.0610269494534508	0.999393432233124	0.980797006813748	0.942678017996766	2.16269477278746e-05	0.994475823655762	0.0391853558269339	1.34775024045024e-10
Brain_Myeloid.microglial cell	0.965885535197037	0.0450792240486396	0.997814408749222	0.959740411505222	0.460034256282361	0.00443901798770961	0.516153343434656	0.988213258829886	0.725748900148755	0.181882973516491	0.0308970714690676	0.00446455966733858	0.76510530773734	0.698589613350654	0.0048924411891243	0.925550518560083	0.000607812980373962	0.907359195277997	0.494723885993772	0.617149013978007	0.8933811594805	0.944417927750221	0.749715801654206	0.0229839841635153	0.977278442522706	0.72679066197068	0.00449719790045621
Brain_Non-Myeloid.Bergmann glial cell	0.508135672118671	0.999920842865813	0.00723914932612538	0.000815042479108389	0.980611629280656	0.999636901993954	0.866913950564955	2.72161392506676e-07	0.999492846321593	0.997062782143806	0.999999280261395	0.999639607563932	0.20609670432318	0.999987779577692	0.999999950810091	1.02958748144071e-05	0.999999998400892	1.82649260882126e-06	0.999999982075072	0.999999999675096	0.888578055642915	0.00037617463178052	8.6948198069679e-06	0.991229830275178	0.9856159594968	0.999503356920432	0.999643680803274
Brain_Non-Myeloid.astrocyte	0.661501703089706	0.995179387014379	0.0127542328166343	0.000658220586715996	0.999047378612702	0.99919120459905	0.767751235674966	7.09393325526256e-07	0.966574961230796	0.93285862965871	0.999837013533037	0.99919103255411	0.340687047278185	0.999932503579955	0.999999836375596	0.000178073318193333	0.999999967763083	9.3429532851486e-06	0.999991275359437	0.999999999967305	0.89992672851159	0.00341447066669374	1.48649895224248e-05	0.964613826072409	0.939483572997605	0.96730922595113	0.999194657373134
Brain_Non-Myeloid.brain pericyte	0.000275586083256978	0.999986694451452	0.0737506672164817	0.00131374493022141	1.160394498773e-06	0.994833681352529	0.0498903279598494	0.00862984611769538	0.0467370834066739	0.0552465724183157	0.998806931816623	0.994820369152728	0.00389166725053024	0.534530005598942	0.912129693213125	0.729754247857141	0.479494538645053	0.229353664192643	0.99893357996761	0.803690099012252	1.13755129193941e-13	0.445262346947131	0.386031215683199	0.997071051374414	0.634715967401121	0.0481615515749483	0.994805566598791
Brain_Non-Myeloid.endothelial cell	0.179862081630201	0.980538169008631	0.972314531661386	0.967240059050775	0.225146434441451	0.17651925254597	0.279812317032334	0.994577767943233	0.39618631085968	0.278945975830219	0.988763837435179	0.176301259800694	0.452127230444987	0.445498287950714	0.56167124939753	0.795303392656707	0.536212425284622	0.67231921039904	0.930719181160764	0.93129944219461	0.000414689357570897	0.887562300549446	0.73482750065809	0.895551651746849	0.871467524958124	0.399451170672383	0.175715398119701
Brain_Non-Myeloid.excitatory neurons and some neuronal stem cells	0.748217154281456	0.99999998905176	8.07865198306358e-15	1.61504172389945e-25	0.53612772212785	0.999996830184517	0.579557596553756	2.352857952798e-29	0.922739142163052	0.943254723926888	0.999999999996484	0.999996821885167	9.74926249926973e-09	0.999999992727085	0.999999999999999	1.06137487003408e-23	0.999999999999998	6.50677419840242e-18	0.999999997509613	0.999999999841892	0.80976026661871	9.61447437140035e-24	4.24530220946477e-18	0.999928128795065	0.176351612045135	0.921798775631682	0.999996857559102
Brain_Non-Myeloid.inhibitory neurons	0.615656600347755	0.999999992698886	3.0138255305521e-17	2.77379788655841e-18	0.516847840496284	0.999957810620259	0.376423151231201	6.46734483702638e-31	0.983077688700341	0.936565992234662	0.99999999860515	0.999957685804369	1.41901297490278e-06	0.999999859301007	1	6.52519871049224e-21	0.999999999999994	4.17151239324519e-15	0.999999999853864	0.999999999909582	0.614519319523745	1.28702114966966e-20	5.65946020954834e-15	0.999895718212484	0.248867171795743	0.982816046529663	0.999957934800865
Brain_Non-Myeloid.oligodendrocyte	0.880834649777947	0.907390815223811	0.0127325583350802	0.00238914318917198	0.608084697362929	0.844088559858102	0.443688264478264	0.000902927584652201	0.45375677347756	0.308870636381425	0.979040665732093	0.843899339589271	0.000451894634895095	0.879871969547607	0.999748440161422	0.00740386824735266	0.971275018549958	0.000102557776058019	0.798008565733957	0.787504978660304	0.333907931928887	5.97808131274013e-05	7.94640926631412e-05	0.739242824238892	0.531600001531756	0.453713746314303	0.843937428965866
Brain_Non-Myeloid.oligodendrocyte precursor cell	0.889480190812284	0.999899945395206	4.91493975860641e-05	7.54737811804783e-13	0.955460316083022	0.999995534993797	0.969613487428758	2.03736064801297e-12	0.990637723972312	0.992870727085274	0.999999998792945	0.999995515347383	0.0094473136009725	0.999999926138503	0.999999999999995	2.46738259735603e-12	1	5.3915294156698e-12	0.99999956815719	0.999999999999927	0.858192505590906	3.98146791081839e-12	4.36568175108085e-14	0.998849676094182	0.777598727462835	0.990560557663214	0.999995501691169
Fat.B cell	0.654951300998681	6.72975962437258e-25	0.701601310007002	0.990935575336453	0.512936685545356	1.36748195838579e-20	0.267453436945171	0.899977151387386	0.19986570652632	0.0376541602543703	2.68618688847727e-24	1.35959590363657e-20	0.464557809916629	0.193187086050647	2.99663668005956e-25	0.354424768852842	3.56250791672469e-09	0.204339638443623	3.25857458727202e-30	0.294466305603223	0.974061622142159	0.403429382924823	0.773027417089476	5.12688381739013e-14	0.156834381389952	0.202337744074314	1.29872908047481e-20
Fat.T cell	0.560358032940693	2.35895219026621e-37	0.491673375844654	0.989579010414652	0.950676399885354	4.50377236914109e-23	0.637789651730156	0.873975681902164	0.950125884671617	0.587984060280653	1.35320052168388e-38	4.50954743370492e-23	0.878074467751538	0.817117428715489	6.50360265356084e-27	0.352733090361468	3.72461363964212e-05	0.533758199230565	1.40753099947635e-24	0.0519211315701289	0.99889364533022	0.930130020882924	0.924181735199808	5.52666141505434e-22	0.712858034765098	0.950580040460753	4.29264024766996e-23
Fat.endothelial cell	0.194743174312314	0.970246361992429	0.988276495591933	0.951883198170658	0.00376569165184684	0.792930704990394	0.432401701077175	0.993576947828443	0.153471550559164	0.0145698341492906	0.901533254746905	0.792707364514406	0.875551415287474	0.237647260507441	0.0157200371367602	0.745840306648922	0.0204300263817802	0.857955187664003	0.658844394813291	0.934369521432159	1.21086260874498e-05	0.958142560584256	0.984489440352715	0.630154564841684	0.730474011178702	0.155518429783165	0.792206428152963
Fat.mesenchymal progenitor	0.294796255550252	0.999921451232488	0.976100880252925	0.847322939419272	0.878670726379332	0.822231478709022	0.957244657775091	0.983334367445822	0.87739282170296	0.966571005484838	0.99949702077562	0.822011035991375	0.558532867549748	0.93398384342999	0.999999907901674	0.693757726697066	0.999350875906136	0.859031250135413	0.991872513275797	0.999999977397595	0.0242972802318878	0.812439297655073	0.949022267651948	0.955349431213717	0.979754773624683	0.877194261135455	0.821917841360263
Fat.myeloid cell	0.83475309554485	3.838957200944e-14	0.98697614119017	0.999999830135176	0.873205364864235	2.96351237066271e-17	0.314652208876086	0.998571294785069	0.0365954557100883	0.000340864162529358	1.58299245843309e-13	3.046548839944e-17	0.939707670004928	0.000443285433323926	1.02118035186072e-14	0.982041708009211	3.50314577599618e-28	0.684799417927757	4.71751172914729e-10	0.00121707335111616	0.999881950699479	0.966088794627426	0.989799582060797	2.8120702379999e-05	0.995318232055812	0.0363015042888296	3.16068023544508e-17
Fat.natural killer cell	0.883544347772629	2.39250860922895e-14	0.99941198487496	0.99995213395275	0.995484378085888	6.25608572460691e-16	0.785772260451697	0.999738630177203	0.905918581165269	0.987974610057504	9.35473468552989e-16	6.24399304064946e-16	0.964606675115949	0.5326744603752	7.69521278734824e-18	0.99999015840946	1.61065894929925e-05	0.987912419658111	1.77366649117774e-07	0.423883719481467	0.999771526730165	0.999402201527838	0.963891143241482	4.92035164267386e-08	0.963939578304629	0.904931490355978	6.1317616212772e-16
Heart.cardiac muscle cell	3.88078066400557e-05	0.999292419462786	0.438052891877724	0.561113790050875	0.236849895842356	0.999282419711568	0.0659969716898355	0.499046353159157	0.219555532303138	0.565833044499759	0.999968091659571	0.99928028789832	0.0516006910591853	0.614211270296692	0.999394499116831	0.61497855192532	0.997277360088918	0.596622351842265	0.999824293172909	0.694460086511944	0.124803892564567	0.567593646430046	0.43751839215853	0.955146005142137	0.0695063947937348	0.223608263588231	0.999279764042127
Heart.endocardial cell	0.47409292549423	0.994927326289196	0.969531022232034	0.989777178305451	0.540369608926394	0.995457685880063	0.729402324664601	0.999935111759935	0.475078597718959	0.581857033195343	0.999475027832958	0.995446539251738	0.922475904113603	0.339895070646922	0.99840745251837	0.928225002708654	0.886071391203657	0.854350964865262	0.672009209491023	0.996262644939376	0.00832467321313667	0.990438361131092	0.99299908814916	0.760543916675774	0.983403683818049	0.47936062136885	0.995446593078531
Heart.endothelial cell	0.371217018629868	0.996277272538166	0.99986290519284	0.985540578866771	0.0681570917293336	0.960093198358331	0.506421151695635	0.997704565046752	0.597220245583288	0.123449539025133	0.966998276969852	0.960042285684318	0.839565687549919	0.679722521333293	0.0920128687045533	0.811366527679808	0.137768085667299	0.8466893814373	0.82287590299256	0.973383899897434	0.000334644054207738	0.953750198506779	0.981593825237761	0.870138493351274	0.547065218121791	0.601545659453539	0.959984098313923
Heart.erythrocyte	0.987038084563579	0.999982280179351	0.963101747788294	0.411143174700146	0.965978476418281	0.998705554117096	0.05737642181246	0.294144043736778	0.983137458207949	0.993081268699168	0.999998676087699	0.998703259554239	0.323136907770668	0.995528291859597	0.999999997061163	0.0403045551886929	0.999995325925968	0.238543952134335	0.998858900988448	0.999999825282469	0.798215627763451	0.555987104740756	0.427211743666708	0.826502897488139	0.424984948349955	0.983925423914861	0.99870276351784
Heart.fibroblast	0.813639913492779	0.999998315308157	0.989758718006801	0.963768770395735	0.886070199364336	0.999863503170677	0.850647950231884	0.999928299246689	0.969769007078229	0.999885728658705	0.999999115009792	0.999863001714744	0.848820183119173	0.981999149600121	0.999999999597783	0.862303283134358	0.999998379888933	0.979548671320325	0.997841138815226	0.999999998300481	0.0527383381722288	0.962897885002473	0.978589576244039	0.918744697181263	0.947533605290935	0.970893861122053	0.999863220930431
Heart.leukocyte	0.795659419559296	3.94035632743866e-07	0.998533948980542	0.999998616955208	0.667831272042678	1.3894929498354e-09	0.514478029339991	0.999905190810293	0.00804291384802944	0.00144252755010015	4.22187173849808e-06	1.43256266488459e-09	0.894257973890215	0.00878804909852442	1.95697922130966e-09	0.991620234510378	3.17857188569857e-17	0.82455337902996	3.1364767836939e-05	0.0396309021825621	0.991660558822683	0.979543635181899	0.999268744303752	0.00035390478367886	0.992827306326244	0.00830238547676291	1.4863875582276e-09
Heart.myofibroblast cell	0.121097309136404	0.997617429837655	0.955836354333639	0.149919881572011	2.18781791379793e-05	0.999755761836403	0.0250901250580993	0.597172905960362	0.0619995895959585	0.427134436663975	0.995291440449895	0.999755249347854	0.344578376620933	0.798618037711477	0.768753262292367	0.432276617000867	0.30055189987015	0.622832737788486	0.971675201468487	0.999489830673925	1.78830352819006e-09	0.895456341720745	0.557257923940859	0.99050745457009	0.700783248346853	0.0634690848901168	0.999753526343945
Heart.professional antigen presenting cell	0.517311695996095	9.67597764394079e-16	0.897507107702913	0.989386909442468	0.932362957426981	1.65879391509011e-11	0.880181782368036	0.984558612000516	0.460410331747367	0.714812219476668	1.19126970634169e-18	1.65405320647174e-11	0.64351910681975	0.545692710354252	3.72204517332836e-10	0.54107205552937	0.00011405332832042	0.541461461964165	3.74920446516763e-13	0.713648732801945	0.998786913009256	0.61780484987311	0.906250407760625	2.1555080964597e-10	0.747435341271769	0.454236855415902	1.64715289976547e-11
Heart.smooth muscle cell	0.000605719528779201	0.999979963218273	0.594875332403781	0.0263848201523075	9.95269466161363e-05	0.999464469360453	0.0188615506983536	0.160666899779952	0.179729964734295	0.324301682033612	0.999455128936209	0.999463841628516	0.0156757096062988	0.821623504680769	0.991550363589761	0.704868659481743	0.880585232666604	0.63673539182145	0.999125321273315	0.990737562295266	7.67840236263262e-10	0.657379213137374	0.442602476700494	0.999290090100613	0.759055001474312	0.183853018878171	0.999465430480702
Kidney.endothelial cell	0.400076776067323	0.913497110665161	0.995386343352309	0.945475349187763	0.0120879371702688	0.78018636023591	0.124770346353144	0.999399779292127	0.359836003321068	0.164341011324777	0.821832664920667	0.780058424475057	0.714497537730649	0.275283514507769	0.0693056593033236	0.766875927011182	0.14683075376484	0.574351005715277	0.243228511753749	0.996058009633403	4.3460830382566e-07	0.752913432897013	0.883992172402599	0.525566776786232	0.836201473919747	0.360221779150693	0.78000135774756
Kidney.epithelial cell of proximal tubule	0.789766213220686	0.762017752418301	0.806744997349274	0.976250005944153	0.41141924338941	0.895569959667256	6.85796037765822e-05	0.991536696822885	0.265298972325663	0.598642469950594	0.953448824598935	0.895512176810237	0.235310345685086	0.146329449342821	0.836803081612132	0.895084188451272	0.699046579293774	0.910677583991173	0.797858586305494	0.551826793441035	0.849466653970379	0.920066744709543	0.984597783050332	0.829097738905497	0.443253513298128	0.270349191180585	0.895676401274747
Kidney.kidney collecting duct epithelial cell	0.921672508986527	0.63185178274995	0.721982907748327	0.524057562387401	0.0263401183588403	0.9528039619472	4.10156428021253e-08	0.939596199301139	0.955641653921407	0.87436542095689	0.923798489152934	0.952775759537654	0.649702355663678	0.773979877894924	0.929037349333917	0.880157090563383	0.983506718297143	0.991765927235659	0.933485851199594	0.962336061575201	0.0313356734930392	0.918038324331126	0.868358646207416	0.796812582556671	0.478335990987488	0.956138489592665	0.953061562484592
Kidney.macrophage	0.702041482030958	3.10034016136689e-08	0.997484705871083	0.999973979093467	0.691309593378148	8.52553309881005e-16	0.125756254080479	0.990883852790079	0.0216971534168299	0.049280720957774	6.99014881063726e-09	8.78867715625648e-16	0.829171661960437	0.0310140879119823	1.48494573447006e-09	0.822480446966218	1.38327480735035e-19	0.60553559983707	9.95371224215712e-08	0.104018812709417	0.998983088756623	0.944358870225518	0.985975799093346	8.20636394357054e-06	0.960598773406498	0.0219481261216954	8.95627505171929e-16
Large_Intestine.Chromaffin Cell	0.55473871388815	0.993716539651332	0.0208162567104907	9.33298413623208e-07	0.00231381716731827	0.999140386596121	0.072638301343853	0.00695524925023902	0.519923760034347	0.64757733248069	0.999681153730919	0.999138632026814	0.267158665474527	0.613260803843982	0.999942711528179	0.0893820451661176	0.999988012519806	0.00913694731015153	0.9999351178101	0.999602906320938	0.130638709682552	0.0157540348115338	0.0648367081955244	0.836236232048676	0.00388566801370481	0.521863650259799	0.999137723166135
Large_Intestine.Enterocyte (Distal)	0.916218392877584	0.570973009428023	0.681043885741294	0.984528187794876	0.59784443816945	0.743565203368028	0.321076981138182	0.998916272343645	0.629853978242662	0.673177038456106	0.817086313348523	0.744341841709237	0.997060639643754	0.0107185269690476	0.83963061330438	0.99998953683623	0.793953121360261	0.999106598287814	0.981127196341151	0.116183316161752	0.67288718303517	0.981052832933282	0.7775961019099	0.798083229215776	0.756200285231677	0.633675639984804	0.745014646296772
Large_Intestine.Enterocyte (Proximal)	0.682586506023379	0.388428900150219	0.407442271747415	0.927088684314802	0.240664612605448	0.600432903718144	0.499728235077933	0.983465536819747	0.153003046118021	0.0741049030794902	0.629662525511128	0.60068279011784	0.981175521697657	4.56867260872293e-06	0.520553103988985	0.999770989074201	0.684408482455654	0.996895230972646	0.919531409215299	0.00397577244701309	0.612460386664341	0.777734475414694	0.960317094904371	0.498625039273996	0.401131494303668	0.155256387714722	0.60129792315094
Large_Intestine.Goblet cell (Distal)	0.600066368507813	0.62459691931969	0.315556077851941	0.341749236802191	0.225332926002246	0.982086936024776	0.264628084734172	0.981193178579734	0.210201263758839	0.0484463262825344	0.813247236313861	0.98217631592281	0.754322564856765	0.00074982548333518	0.968377981244969	0.999977555801157	0.96625925615529	0.982743665243447	0.904273552113045	0.00160007497510101	0.326974782375084	0.861301352568455	0.855707753973418	0.491616027421649	0.112128868253934	0.209237388438618	0.982268907509433
Large_Intestine.Goblet cell (Proximal)	0.542299187932645	0.536445805900079	0.57270880843774	0.0844324032078087	0.0258491212861146	0.920678017053584	0.202126051880691	0.771368699499747	0.342537416584779	0.0510327574860927	0.767482286683406	0.921061584752304	0.364218598628324	0.00378373032727145	0.959785035823057	0.999385802371423	0.975421385367903	0.908709121182248	0.943659886961656	0.00800273997524355	0.134697684613362	0.720885326568803	0.708556427178822	0.653482409380495	0.0227421420179233	0.340753637687992	0.921438160436619
Large_Intestine.Goblet cell, top of crypt (Distal)	0.675040290439198	0.246705436650648	0.584776208862366	0.485044388913183	0.274601339306589	0.806274037535204	0.101175746626135	0.977335402844046	0.756918617227941	0.572574844621588	0.531911343344698	0.806129974957206	0.986968217512091	0.210029216872612	0.767087658098762	0.999747971434855	0.928895183364029	0.991132605251735	0.844095330849233	0.264113183682733	0.456944197170683	0.98577705506588	0.950853885408798	0.38371913290438	0.326977815493672	0.75818373462072	0.805796431206638
Large_Intestine.Lgr5+ amplifying undifferentiated cell (Distal)	0.779578554510872	0.960883988057754	0.738789340125289	0.48963264933756	0.207722714749587	0.999995022243104	0.0993190568819557	0.992914890056204	0.326315051395457	0.267832623306977	0.977438509522887	0.999995053657554	0.643882682130565	0.0054428551918249	0.997171465786664	0.99923049315192	0.999274218880981	0.993919543710029	0.984248851490404	0.00780862082286524	0.553927881684514	0.95152977159277	0.814210113968974	0.593926443632787	0.0398728052304955	0.325764212650285	0.99999504874285
Large_Intestine.Lgr5+ amplifying undifferentiated cell (Proximal)	0.396604251618779	0.996140458250642	0.457947876335427	0.675301910395746	0.116601556865809	0.999975611775358	0.326725077153343	0.992446428348559	0.266591889471784	0.612008211191052	0.977623958487745	0.999975456649311	0.638740061039163	0.00019259491020191	0.963413276044993	0.987183418373575	0.995964388847879	0.996403708669781	0.990048948929423	3.26474996413746e-05	0.460997279611257	0.767133641437943	0.754986569799231	0.881395780343498	0.0161230268903449	0.266673502730866	0.999975231600285
Large_Intestine.Lgr5+ undifferentiated cell (Distal)	0.451283365450209	0.994070802325343	0.577620143437388	0.744704213482839	0.610748830489296	0.999989860760942	0.101030461679839	0.997590908181957	0.358409347447435	0.268745800122321	0.971450179422002	0.999989918250396	0.903721083444394	0.00042224455476048	0.999098926526099	0.999621194031851	0.994932207577845	0.999091242647522	0.996517957852769	0.00310361431897685	0.696647149614847	0.978132545453508	0.735452428085856	0.656487396337815	0.0464914309302729	0.360255657449414	0.999989975565146
Large_Intestine.Lgr5+ undifferentiated cell (Proximal)	0.322461611039221	0.924218172482104	0.58673718869797	0.839191005152727	0.0980343182481771	0.998973140249408	0.370897760291522	0.997301903465603	0.428140968900851	0.467140978726927	0.836529603764412	0.998968692592673	0.907731011748495	6.3563441307998e-06	0.954910181863556	0.997318164122448	0.990582767753118	0.998709587473891	0.983279946111837	0.000857448097179105	0.405562007252221	0.916411741986949	0.919655401143632	0.747579761031604	0.0389570345568681	0.430873308771533	0.998962466462898
Large_Intestine.Lgr5- amplifying undifferentiated cell	0.280648984362623	0.838930894063753	0.837199235460239	0.0916539355455785	0.0240220011814837	0.965105493328675	0.175069869855526	0.745017768912437	0.250344451868481	0.798750585348538	0.624611898840896	0.965079521614884	0.902252217262206	0.000524861358573612	0.604976612797308	0.964806017842043	0.984490415635462	0.982676897324263	0.6464141280991	0.00558960360145809	0.07658907293109	0.958798532216293	0.531640915570849	0.479413674831426	0.00176792402419737	0.253928157758773	0.9650811662972
Large_Intestine.Lgr5- undifferentiated cell	0.810939679091582	0.206404071743973	0.83472440836024	0.198388263660635	0.0476093073568731	0.699442314450765	0.110399932812461	0.846106439783368	0.759125674277935	0.867851101377833	0.216668257785836	0.699141469461135	0.803662994828754	0.0236945468060344	0.325512972031109	0.973447615888689	0.937044222335078	0.986147945309204	0.480219263426128	0.432219716134794	0.095295764789357	0.978674134044348	0.455089884433524	0.263269543526595	0.000519935060615577	0.764501525728621	0.698159422384283
Large_Intestine.Tuft cell	0.210850231778113	0.000940859768692581	0.0561246167275049	0.00204089276025166	1.17816480367635e-05	0.00103887336115152	5.70285762503339e-05	0.0517882809149789	0.0517726714451513	0.0190858813924719	0.0404750152951197	0.00103527247505192	0.508638833812126	0.00902488519425476	0.397050391945899	0.398322790024722	0.248111025101095	0.147280393508179	0.0016501896760851	0.0914419068691608	0.000124871844426146	0.00037650729239481	0.0419406530887486	0.000864521851314663	0.00702625869553754	0.0522398083538493	0.0010258397592247
Limb_Muscle.B cell	0.519670464467532	2.42204229333392e-23	0.188152019359335	0.955532253498889	0.331145025870618	1.10180477800533e-23	0.296999215415198	0.676938374484141	0.0439805343944594	0.0571020245153451	4.46040314110323e-24	1.09557876210282e-23	0.432305871364298	0.0680904917758397	9.41714402790856e-23	0.351620641012665	4.63424932928322e-09	0.105973902865696	3.87240339275843e-32	0.0204021073450895	0.904290386996701	0.0291651134030838	0.52788743515083	6.92619673976772e-12	0.0558148709950919	0.0444455778911348	1.05745082433761e-23
Limb_Muscle.T cell	0.348804935673625	2.53864180438139e-27	0.102706945680165	0.983926584779929	0.798822095514737	1.8235887228012e-16	0.0319362390730242	0.900330061741633	0.80081810945615	0.937024461856432	3.42902014733764e-25	1.8181483788983e-16	0.771735367588403	0.598971421915857	1.3201664689578e-15	0.0550540833064516	0.00206861716349462	0.266547193535976	3.57667610797752e-16	0.146374408959027	0.979053331837969	0.620495224780216	0.419876428354156	8.69943494453458e-15	0.455314603173212	0.799626138928385	1.75570805368804e-16
Limb_Muscle.endothelial cell	0.123361577320322	0.850243646473957	0.979153181609424	0.965840116459699	0.0278839787890046	0.412452572616653	0.390221460359619	0.997622230783827	0.466556402677638	0.0962123135475095	0.688541650635793	0.412146537275723	0.779185127922042	0.137919170436586	0.011240326276551	0.781159538759543	0.00481071903267432	0.858720439759213	0.462294581387789	0.950994218783345	2.31893616916086e-05	0.965777538079118	0.996102302730146	0.434879169476635	0.695016032065018	0.468045790074542	0.411061331273746
Limb_Muscle.lymphocyte	0.496861659767244	2.53426293646307e-31	0.301421635927854	0.999967027353748	0.863226529721969	1.45056213985223e-21	0.414595581529907	0.946297512095267	0.334866917762868	0.409654316436568	1.79101399002631e-32	1.47458793805495e-21	0.44649654043475	0.0588958118021708	1.1635684087578e-20	0.787970357135254	3.57094761555353e-07	0.379565673323313	9.08209716650213e-35	0.176839253142976	0.999059323456005	0.730190784638644	0.761951833145839	3.87376219891548e-11	0.278760391316273	0.334922657004688	1.50762195485517e-21
Limb_Muscle.macrophage	0.742045314328221	4.24830340130798e-06	0.992018013079985	0.999998524061725	0.937556878201649	1.34117136094109e-11	0.456015495393868	0.999840600822797	0.0136155667450604	0.00741528869537372	1.02492737905359e-05	1.34116834045786e-11	0.936528895421794	0.000157052882795461	2.95702041841118e-07	0.997910776891095	4.06114528602744e-15	0.910665023767084	2.60636430740241e-06	0.0335762975247914	0.999571755789686	0.995721399020092	0.99706136627375	0.00129209640938393	0.999400320942442	0.0136762616662119	1.37318951141741e-11
Limb_Muscle.mesenchymal stem cell	0.705270373854504	0.999242291256297	0.997225026324136	0.988610648033874	0.998252023081498	0.848807563028064	0.945182031166309	0.986046890321164	0.999480523604762	0.999057424329899	0.997775833362221	0.848561006711784	0.856269538505959	0.990691547722812	0.999998602512143	0.794711024899423	0.998214025449852	0.944644170981863	0.993596852556401	0.999999999996274	0.223719401551841	0.998359738223787	0.988171948247487	0.940983177339185	0.992071278985564	0.999483371075116	0.848524108115996
Limb_Muscle.skeletal muscle satellite cell	0.237962524514508	0.80591388445371	0.947109734756415	0.353455940682168	0.955869092024166	0.0904019122609441	0.79206220194042	0.496013068604172	0.928144276325651	0.877353245866004	0.726553433048836	0.0902657179968021	0.32585494977962	0.977021761807206	0.858190185615118	0.0713086041109978	0.479458876787323	0.45467600253444	0.981818740663167	0.982365846555696	0.278618115127351	0.909043314833836	0.78799781326483	0.828514163646482	0.54401878940365	0.928095905076288	0.0897710983974047
Limb_Muscle.skeletal muscle satellite stem cell	0.328197844739316	0.66533449937601	0.936440344621244	0.491585069576739	0.899861394993969	0.14108063960953	0.869810728375171	0.595838939340493	0.832346868030627	0.888951546850924	0.576108183102191	0.140949159716327	0.209033280836074	0.969943312687985	0.677211071600035	0.268911194746342	0.304728092030733	0.696159694567112	0.933739711618546	0.975171882021379	0.331966642710787	0.864449816803369	0.741522297662029	0.804562112712301	0.516754955333587	0.833400438089328	0.140469885663245
Liver.B cell	0.774848275697371	2.61118267478517e-13	0.426822477108885	0.94408829640124	0.175178070654787	1.36783492472397e-07	0.206642370331366	0.987605244047596	4.78614465900622e-06	1.34506950822055e-05	2.8602993062306e-09	1.39371566571019e-07	0.745627902085954	3.20277209220469e-06	1.37571143401991e-13	0.852322698748503	1.17520579235428e-05	0.256138004618628	4.43832172119872e-16	0.0599715591349773	0.97546563146395	0.788072574222835	0.866866141767911	1.37188835543295e-08	0.303797446909656	5.18551714485054e-06	1.4034462706537e-07
Liver.Kupffer cell	0.951112897009585	0.0100541322116844	0.999927375524827	0.999995034736024	0.930889771833869	0.0448039544813894	0.261399136717626	0.999989551996478	9.55531422606486e-06	0.00322378005723027	0.150889149882665	0.0448891565731879	0.890181039531545	3.58634190276017e-07	0.069984666287515	0.99138331965552	0.00484715887967339	0.480338794617453	0.0111296456022965	0.596786081434965	0.99992778588394	0.997946169795954	0.996270485695709	0.17532277406164	0.997471544442903	1.0201737177597e-05	0.0449737196957358
Liver.NK/NKT cells	0.779993327891993	3.17005952597715e-19	0.761106304615725	0.997321883047155	0.676328805459919	7.79674824759215e-09	0.361197632068343	0.997339069706091	0.000773773291982911	0.19429334962028	2.28387178671788e-23	7.73772490484363e-09	0.960095677002387	3.5669518962623e-05	4.49476493840876e-13	0.963420247396654	0.00021982619176169	0.935276800093609	1.0523224551738e-10	0.039133735866293	0.999404036406485	0.996509101980014	0.965800050844666	3.86074209243075e-08	0.916934827098636	0.000748746768289608	7.58299116644802e-09
Liver.endothelial cell of hepatic sinusoid	0.483304054075259	0.609439888419062	0.999686716627009	0.997942624342125	0.174266304447455	0.966120457541753	0.071170576776145	0.999077900066164	0.00461028819909865	0.0496764976860355	0.755942608845611	0.966072668982881	0.987370504296046	0.00471218512977914	0.605247690038089	0.928829723024022	0.641918635296904	0.922571485636631	0.732948310534161	0.982081418067136	0.0475869751785533	0.981290963718831	0.958168026433845	0.951140866360898	0.830081284450081	0.00462899032915188	0.966124317051707
Liver.hepatocyte	0.974131123476745	0.930820112367601	0.849611031620277	0.998575102891213	0.629420358188879	0.999827510395504	0.407667146282353	0.999768809430156	4.00708873449658e-07	0.000575931718861367	0.981711109200779	0.999826921941379	0.592004924039269	2.00835059828493e-11	0.99994316565639	0.950722164376926	0.98413363395741	0.775266876235927	0.991146930062167	0.189546559154018	0.956272538530306	0.998218067562498	0.993518275887666	0.941025634495546	0.413752555054726	4.36486727286518e-07	0.999826509282779
Lung.B cell	0.261437909966528	1.15403251871912e-18	0.773296269019821	0.989866421141232	0.572887604524291	1.14952018948994e-18	0.521979704313242	0.878968411375672	0.154563490926926	0.0127665097191349	1.78100708430424e-21	1.14103420210845e-18	0.770494980871724	0.429709423180188	5.50958745687783e-26	0.784767277090433	1.03898698531403e-09	0.636665447873396	7.73131890790103e-27	0.215452635558757	0.979399007443704	0.313776742483833	0.816196969265671	1.58768781661178e-13	0.141554560905965	0.154417406946861	1.10964932108008e-18
Lung.T cell	0.524746813618475	3.1650935616413e-26	0.309578765368478	0.945979980899187	0.936832789439118	7.4540704165883e-17	0.354625142736548	0.893955144595554	0.68917935243366	0.272374818728711	9.36346534625851e-30	7.38987689259269e-17	0.896742012638764	0.318491911552879	1.47674042694498e-23	0.665171662514305	4.52879135690991e-05	0.668490768386432	4.53569100693013e-22	0.0293334293507338	0.998332458214369	0.988942259307738	0.54933086806496	2.69444909840055e-24	0.614114481987672	0.687807140246329	7.09599096517646e-17
Lung.alveolar epithelial type 1 cells, alveolar epithelial type 2 cells, club cells, and basal cells	0.897648192014419	0.411684929404362	0.642266551016244	0.90954391418043	0.516276343939586	0.816536612051576	0.0359013588896422	0.940392736985823	0.500210190299969	0.240979184436677	0.787924510943262	0.817297076167662	0.976506021733727	0.392898891575246	0.950119920319358	0.926114399173744	0.98675400382854	0.376201857815034	0.443217546953521	0.951827004557043	0.0972220825860037	0.836246448783143	0.777431120761265	0.123439275053569	0.377322508236606	0.503701642603934	0.817624241566425
Lung.circulating monocytes	0.46341340490383	7.17778997733389e-09	0.928490787299672	0.807997778905089	0.0484123635708917	6.73415943460409e-09	0.117654566097877	0.501117035017996	0.0373905998223936	1.10684782938763e-05	2.55306186717928e-09	6.93906881793604e-09	0.905977716947091	0.00790692804042595	2.14737507896845e-19	0.853163606688291	1.73032480549986e-32	0.153873612292902	0.00124591452377804	2.23702971170788e-06	0.930124253518211	0.852624177845633	0.978321039319476	0.00063832612921553	0.801425422135027	0.0385513064896601	6.9800130773899e-09
Lung.dendritic cells, alveolar macrophages, and interstital macrophages	0.54674586858186	1.46565690434247e-23	0.731691308182344	0.999960523683908	0.714563852521052	8.2354238722825e-14	0.382496870219371	0.99723400782545	0.028315527604636	0.0310598579979719	2.32231409074619e-25	8.34827331570461e-14	0.880849211547115	0.00415367510200451	1.72990013543805e-16	0.98613288787343	6.22693571475913e-15	0.76227783499456	1.24703138911501e-14	0.0705141178603825	0.999594954074022	0.583370516636021	0.908503437779406	9.53427230595933e-08	0.743330949395653	0.0280541150617938	8.72915519744508e-14
Lung.invading monocytes	0.911939423388337	2.26788257568158e-06	0.978582318693685	0.99994263161574	0.846381241557816	4.51621870251674e-08	0.13822764428333	0.998240137653626	0.226936943258087	7.62802214235437e-05	2.43936980782534e-07	4.66575065349695e-08	0.922846190129858	0.00915436838842863	6.74774534102833e-12	0.996079455958655	1.00681953761067e-29	0.713407948850891	0.000202927481772517	3.03500324222864e-06	0.998796172135354	0.964726736618359	0.998780207518012	0.000134023175251248	0.996223182548927	0.229292691186643	4.97349038137215e-08
Lung.lung endothelial cell	0.423371779727224	0.951804224743244	0.985685744233556	0.929382449865492	0.00419180003404482	0.807327097540738	0.335684887620974	0.998000934800085	0.65987935457492	0.0117459015330455	0.836966465867443	0.807120682802628	0.819716818962738	0.321490657987896	0.0151437356182674	0.797034195590151	0.0441407227816136	0.363006136004177	0.271270865274414	0.98443694811595	1.08528338965425e-05	0.433427911166042	0.911172251639274	0.714112970993327	0.633283696648942	0.66402477296585	0.806976056586289
Lung.mast cells and unknown immune cells	0.872899866246399	0.0528929595180851	0.999951512117535	0.999936476861959	0.986548401626214	1.09043226096829e-05	0.269091247587328	0.999028950415153	0.760210100020628	0.244279881588339	0.204702987234468	1.09083207616741e-05	0.906212346122163	0.128887143085679	0.000309748290495891	0.970223360794641	6.74423896390137e-14	0.8783263410951	0.0282586476735356	0.00602678017079734	0.999999026453366	0.999988713312076	0.999926520609165	0.492006602523642	0.993348321960942	0.75589700135702	1.07987671768833e-05
Lung.multiciliated cells	0.952515932285234	0.969343727206933	0.997728667771326	0.966107666154387	0.918057729057218	0.999965113497346	0.391663035385752	0.353832127767783	0.99872579593101	0.998713679222258	0.930536998219424	0.999965045095271	0.926451747909384	0.877616528014204	0.998703183888848	0.852018173526215	0.988592800598824	0.967225683744997	0.965775870377614	0.750135672895826	0.998915523206689	0.935226922008817	0.925604482668394	0.89940387865193	0.658135962551959	0.998690154187098	0.99996489560522
Lung.natural killer cell	0.724214989404136	1.74311071976908e-11	0.968538407722398	0.995218310440051	0.99394689474996	5.55455241793667e-12	0.545634062444536	0.999716377290327	0.590421577278196	0.965649671902711	3.74784740526283e-14	5.52489756717808e-12	0.975560601673711	0.166985661349629	1.61377980271937e-16	0.99998197476268	9.67993106181237e-07	0.998059224246648	3.06839641264356e-07	0.121406386173261	0.998319556885055	0.997999408314231	0.902812211351009	2.23833238329729e-05	0.922703011086196	0.58946372383554	5.53458742117792e-12
Lung.stromal cell	0.397300150009516	0.99988912935481	0.998667094612448	0.614990201379638	0.481633830868061	0.883171765210267	0.570851807652524	0.998976438959925	0.681084928447583	0.969174709930987	0.999873844252809	0.882959985824232	0.749620535110624	0.796431078623783	0.999998949825577	0.463166408856083	0.999974617253237	0.72314443344543	0.997591460647849	0.999999999115245	4.9383809287578e-05	0.970107913834122	0.970302829471697	0.844936233996317	0.915465196230127	0.682177244518712	0.882615538312648
Mammary_Gland.basal cell	0.509614866867109	0.998095662795058	0.817216487327434	0.773923507665459	0.967524930272677	0.985691891125859	0.794981729147592	0.37283504781541	0.973499409121861	0.743091586758856	0.968731747278132	0.985668156301887	0.984218971220859	0.582865757855994	0.999545094162986	0.0580661588646267	0.999451882156634	0.33377957932385	0.806022955201599	0.917256988713865	0.0697103183752955	0.701408462335584	0.476066216194764	0.960240091709099	0.863686775667347	0.974038248901102	0.985636367373998
Mammary_Gland.endothelial cell	0.0767580323699905	0.694129354070548	0.976803413402105	0.969420682863184	0.107381574681338	0.142575418972344	0.312989775901285	0.994895491392587	0.511079294719028	0.124820523686103	0.67220061475497	0.14237248016594	0.790316140524098	0.0298797932712291	0.00559894386469282	0.745710485856625	0.00293285380222336	0.975257401513334	0.268747730911534	0.930472224153939	2.25882554108286e-05	0.977565291862506	0.934187865384525	0.155769066028201	0.629813455092681	0.51001543569099	0.141481472071829
Mammary_Gland.luminal progenitor	0.360715764100437	0.551746881555982	0.934771977179508	0.901763614941679	0.947040438186812	0.849658564161893	0.188390383612608	0.981059292043385	0.704693062899327	0.740041576732382	0.911854066005683	0.849470680091319	0.997030489215206	0.0783906692386876	0.990781840125679	0.331439983877269	0.805488489878841	0.944089552464688	0.411931415402805	0.0984807618907634	0.497836826479655	0.986700463390821	0.919364782415161	0.958564839606303	0.52606971089868	0.702997696244927	0.84950156650116
Mammary_Gland.mature luminal cell	0.159470632727977	0.00149805393794969	0.0615554207745581	0.177725532789816	0.0862962274276197	0.84568615460188	0.438351733321175	0.870778587995821	0.0034687675591354	1.54945631412384e-05	0.0551963486746138	0.846112948047411	0.683123586849896	0.00168691635966115	0.0371591082259067	0.661528138413465	0.186164454035066	0.329900444637667	0.0991079266902092	0.000655344174647167	0.035062539139605	0.412995297328204	0.933317848741951	0.294374572766358	0.250359314999079	0.0033393676453635	0.846172328088187
Mammary_Gland.stromal cell	0.278488852359961	0.999266059323083	0.999159046784759	0.984372849795387	0.983769296303546	0.70908814966596	0.845937394138406	0.954658332524286	0.997597673908208	0.996009246915381	0.997736598799205	0.708814180728185	0.945724267030308	0.985957158159514	0.999996585857366	0.825573354193745	0.99948143250181	0.941062386810207	0.898787148125313	0.999999999987498	0.0337950278007236	0.951415508552313	0.973979659666252	0.948861923310061	0.97706161646857	0.997548557861739	0.708525760487789
Marrow.Cd3e+ Klrb1+ B cell	0.230911993325813	1.21232087194429e-31	0.497918395476071	0.991433287240819	0.852171932925237	1.70995926384505e-19	0.73994236621285	0.945308587084975	0.227467718364672	0.164986316873857	1.5276827203328e-35	1.70123505064217e-19	0.425604768273129	0.027442420680389	1.7000238510747e-36	0.833906426288359	4.11935766014841e-14	0.827228128992752	2.92395847514042e-26	9.04150393337395e-07	0.999428808857128	0.43291735334811	0.983638501131906	4.45618193429856e-15	0.179626524168575	0.225244075148745	1.67882454306612e-19
Marrow.Dntt+ late pro-B cell	0.253938040141067	0.00179935850291611	0.00442217736645617	0.860038775056164	0.551882417678015	0.104264847934488	0.952633387219559	0.187604817204472	0.079319722605896	0.709877898064365	8.1751334961752e-05	0.104120732617363	0.115101567600697	0.235475399805835	7.77924195197334e-09	0.277625234712295	0.000121245590088213	0.809142268030392	6.42142355964668e-08	5.305588832731e-10	0.97038382027637	0.0146069613662379	0.711108594804296	0.0254210097165043	0.0439623916810634	0.0793372310774515	0.103673551110236
Marrow.Dntt- late pro-B cell	0.189578561543805	0.0147793606935583	0.00294317238041288	0.737012847770578	0.453860704159033	0.0938838848613238	0.947852687136876	0.117586887777434	0.0272596477382052	0.576620392319708	0.000380332363564876	0.0937672236546531	0.124694444881304	0.251415696340904	1.07893582799828e-07	0.0992394989108442	0.00139733745386385	0.651024968498263	1.25419923148014e-06	5.15815112668182e-09	0.906150440839211	0.0154265334497293	0.475937898960644	0.0136947947576092	0.048252773388803	0.0269612772912091	0.0934475344054169
Marrow.Slamf1-negative multipotent progenitor cell	0.633678909294093	0.0145764478500955	0.00532666677512648	0.580836779710263	0.127208534087454	0.0186866313809891	0.930346334115817	0.47518607338204	0.0696137524409218	0.0696020484574383	2.62387148151047e-05	0.0186387274944194	0.315974695375671	0.0165626650154614	7.35048668888029e-12	0.466710161782946	1.4173735185216e-18	0.524898630842028	8.82428264704785e-05	2.39636750782938e-15	0.395647661055275	0.0595030920348016	0.511739467345492	0.0332784617898086	0.374965972408477	0.0693064338541756	0.018499117125984
Marrow.Slamf1-positive multipotent progenitor cell	0.429909095344617	0.358149003277139	0.0354250201156974	0.618256417802199	0.211243457406983	0.418843888871502	0.99176851340565	0.271817037272432	0.118358515264382	0.415955444129298	0.0440472421929481	0.418388510928484	0.108355858740792	0.344354772039093	8.85347809874037e-07	0.152860485886958	1.8578641143686e-10	0.803541015560424	0.0158858085038438	5.43561436609998e-16	0.458440386407214	0.0684838211770193	0.493105035352701	0.461342120508418	0.336558925187792	0.117497060262797	0.417720603371042
Marrow.basophil	0.236631929919814	9.09563189624283e-06	0.243279917294752	0.836548101019805	0.407384494673534	1.39132570190766e-06	0.569624721972273	0.814775770023845	0.0368540524579009	0.00151609393680759	4.38480455977065e-06	1.38542745378836e-06	0.480887948089219	0.0176299845761888	3.87044946627363e-20	0.840952666278798	1.39777880750153e-15	0.883073073993518	8.62987364797821e-10	6.80856532193399e-10	0.877957892702882	0.527706094344353	0.850233306371462	0.000269762281726901	0.282506435698038	0.0364794983860261	1.36004500822444e-06
Marrow.common lymphoid progenitor	0.547440350788165	0.145543330110961	0.0398293515223205	0.57596393499108	0.194355886941336	0.318024726093781	0.981807042598252	0.242670573472416	0.0409297720512488	0.625000386175083	0.00490656002776064	0.317526012111877	0.179313243710354	0.274745661503591	9.23732890503665e-07	0.512794441738562	5.8243529011502e-11	0.89885800446131	0.00174816796806034	3.00092577449049e-12	0.492728554813906	0.0178228396657336	0.444638484845674	0.159138783915694	0.713374823074362	0.0407292122515997	0.31589507938181
Marrow.granulocyte	0.989070969670978	0.0188819253868817	0.985629592836658	0.98538007653342	0.96469707172432	9.16094171017951e-05	0.0164599664372866	0.860983464879878	0.476532090889261	0.0142817862360722	0.0513599156073023	9.38909978688782e-05	0.534119678772922	0.534438307096255	0.000658454895351607	0.894944555333592	8.78731473067594e-13	0.82617262204895	0.1666483455467	0.00214299110623968	0.999284215758807	0.962542670107719	0.976032527610216	0.490235222041401	0.908425483374215	0.468891227456617	9.55905092445105e-05
Marrow.granulocyte monocyte progenitor cell	0.17786904207712	0.00215144297693555	0.00706189665828555	0.641729755026412	0.418651082624701	0.00456666036490171	0.950832509795074	0.469191090958252	0.00664107346001824	0.0318858640291062	3.77838850567426e-06	0.00455160964040763	0.136187107881952	0.0477258314655135	1.00902805659489e-10	0.410630431278354	4.94638244439902e-17	0.835067329904729	1.01737355963284e-07	2.10112769452651e-17	0.9537091541749	0.158111450915078	0.454438891050254	0.0092643851213551	0.334524980989989	0.00649544994448752	0.00458395059766711
Marrow.granulocytopoietic cell	0.954585827916119	0.04794491763671	0.484564329657602	0.909156323080529	0.986378826584944	0.0849077080620095	0.294496566479306	0.511875900481775	0.0549624315430975	0.03205410770215	0.0354534850858069	0.0857391260409601	0.265000378240601	0.577602664450189	0.00393856650899477	0.87790173627691	3.40801082722219e-13	0.91053730514377	0.0647022984328964	4.76091049950894e-11	0.996735859755309	0.620655681821336	0.649418994109949	0.404162314613788	0.350429128517687	0.0544864953146939	0.0866858879703427
Marrow.hematopoietic precursor cell	0.481173677726911	0.00217177612105084	0.055452027783808	0.520794937539825	0.0714107791472141	0.00400286654143377	0.947936482552996	0.192087699470793	0.312721921882939	0.197145562185936	4.32937504086016e-05	0.00399085563849461	0.537550041014926	0.102418588296592	3.186203420598e-12	0.442925179288996	1.49624100417865e-16	0.606731617820393	0.000663831314182623	1.45553831444097e-07	0.16776028496665	0.0222915308289061	0.696814942260008	0.0318565846906081	0.345616075836572	0.313094283412362	0.00395808068163397
Marrow.immature B cell	0.0152909152352826	1.50912581252781e-15	0.150776865899621	0.501382741236327	0.142832451059516	2.33269178845885e-12	0.470481298990839	0.533895218540062	0.081916977497197	0.0506567891856527	3.62574778730528e-17	2.33183277358433e-12	0.514005810121956	0.159446663539556	1.04616230071699e-30	0.331733575165829	2.6392077840667e-13	0.251790843051366	5.91800085449939e-20	4.64864942450369e-05	0.682964233969744	0.00770062381027026	0.721923723106034	4.07033094511548e-07	0.122178983893027	0.0819502886582399	2.2454106978666e-12
Marrow.immature NK T cell	0.547402095204215	3.83438065331851e-22	0.930814529371634	0.993529169776245	0.996938260416783	8.77274127177733e-10	0.745249950900698	0.99602560265791	0.740340590271019	0.712454951550981	1.90013815094059e-19	8.77610292817655e-10	0.946902456116322	0.321925991597703	1.2480236670975e-22	0.993935813059486	7.48617354830655e-08	0.989098042309239	5.62409948871629e-12	0.000366724672304722	0.999280544320556	0.986440616752473	0.973732368373371	6.6011301881987e-09	0.83944430079826	0.738870646213846	8.81827678061381e-10
Marrow.immature T cell	0.154079018536196	6.51403467293846e-27	0.20213501668151	0.940833019604126	0.964274307988561	2.72344520601451e-18	0.391534057292194	0.929874510606364	0.480807482136136	0.500643111895325	4.34214785409358e-29	2.71920712877246e-18	0.642176903329274	0.41845666797221	7.26718986533831e-27	0.199674744663766	8.12367828353149e-08	0.576656116530973	9.04646688483228e-19	0.00509767826831888	0.998829806752278	0.764904720930482	0.932212244276793	1.7171589076187e-15	0.277240591473726	0.480058519484028	2.62786544754526e-18
Marrow.immature natural killer cell	0.754965841428391	4.51441939431694e-18	0.995303956427631	0.999024743733445	0.978378708680588	1.60977497157628e-14	0.559549168520799	0.998084850735567	0.513737797418816	0.627732237282567	1.22263447184264e-19	1.60106474712307e-14	0.895610381358321	0.288718618722899	1.61239832857368e-21	0.999983245598307	1.9010005154736e-08	0.995963876927262	6.31315662525513e-11	0.0304248999362644	0.996527900658623	0.999276789222969	0.989284762759463	3.60056089122567e-10	0.953546519691048	0.514273027513543	1.56293158780619e-14
Marrow.macrophage	0.377554963107445	1.33240446122063e-05	0.384380986314478	0.623882664765378	0.230687920162421	7.88276019229674e-08	0.926896535497163	0.259775438894046	0.146678340918764	0.0186992179273482	7.59350653978658e-08	7.93138859360799e-08	0.184263630237477	0.498562225628194	1.50915606543669e-11	0.86332606258061	2.16286259690845e-08	0.0462261368192695	6.92532570582457e-07	0.000595623908711774	0.536394583449899	0.248000480907268	0.414937620558025	0.0221070617700815	0.146016473073266	0.147317782161866	8.19051686255592e-08
Marrow.mature natural killer cell	0.256337091643204	9.17207908534286e-15	0.985321346449717	0.985058909549858	0.996660500962122	1.6409676154345e-12	0.858198605135951	0.973208939273632	0.372392631021616	0.741234140988451	3.04678701293137e-17	1.63711616609131e-12	0.824101050503536	0.175621200224917	2.46666439982415e-20	0.995203179583838	5.99789004898046e-08	0.981086166420823	1.08578187839665e-09	0.000197246357441286	0.995219927688955	0.976172360586547	0.881199983190563	4.25001104717213e-08	0.720601425909073	0.368514534353447	1.65699787090497e-12
Marrow.megakaryocyte-erythroid progenitor cell	0.389705059153521	0.155914901471514	0.030486458883623	0.604360324103864	0.294940307586784	0.692671607050861	0.944081196425349	0.16943560490214	0.169565462857155	0.356284354977094	0.022449034718894	0.692334695895748	0.0588980939903639	0.0578299075835028	1.85742957468e-06	0.293063846762055	8.40950028560828e-08	0.472244797358687	0.0168868660043138	6.72667010695362e-12	0.279292813628703	0.140638768787432	0.541612322394809	0.556255787735057	0.690023694228246	0.168996500102482	0.692199167998843
Marrow.monocyte	0.651635757768791	0.00333126304488098	0.945225806501112	0.999967538951512	0.987838327336828	4.98864417490734e-05	0.551695495196189	0.97865634832589	0.16900092263316	0.00531360833724506	0.000414739152529616	5.10361281735583e-05	0.716932497478844	0.186143484668607	7.09647602437877e-07	0.937023444501368	7.95567751845365e-22	0.881910946475573	0.00247429192172793	3.48156659824701e-09	0.999876054620734	0.781953787073117	0.998102156720093	0.131578112399636	0.977855493206995	0.169411019041682	5.33844245959459e-05
Marrow.naive B cell	0.202757671318396	3.44503600728778e-23	0.443203976310382	0.881408782778489	0.480044435940237	3.49742235807541e-21	0.196993149726774	0.610227104112787	0.171985311536898	0.0151866221697279	3.1489913199084e-24	3.5016827366327e-21	0.616669468902531	0.124291302660977	1.02819098138641e-29	0.179625345255194	6.34492623950136e-11	0.117221431965645	7.52900981393148e-28	0.0907784096109213	0.836146508764468	0.0540615422967389	0.729846853928488	3.56134686486862e-14	0.079917214119951	0.172797805307455	3.33988458091244e-21
Marrow.pre-B cell (Philadelphia nomenclature)	0.331062032960162	9.98514643167708e-09	0.725664188506785	0.964080415536127	0.465841983829883	4.29292348170405e-05	0.559024625518757	0.471922820479002	0.857974079277062	0.674794813232654	3.41285291909948e-09	4.28353620507184e-05	0.928127559595892	0.514938043975065	6.2808186478348e-16	0.576392328233052	0.000696676978476644	0.725581180513108	6.15658194705702e-08	0.35333840440676	0.829803222748016	0.569988013192619	0.933138099488301	0.000465655562057277	0.311575000848748	0.860039846762963	4.22460934934987e-05
Marrow.pre-natural killer cell	0.407882377144063	0.000337202941380319	0.359909589056587	0.866345004781528	0.962757224757201	0.00494377654325537	0.953646341149152	0.514469372272088	0.0657518280371382	0.731894374409991	3.02473444269324e-06	0.00492925606983337	0.168739602854379	0.382401976845438	3.5537109952525e-08	0.856372318587876	0.000589343184200926	0.995168798354737	0.000610521523060596	1.02648522797452e-12	0.973654975292831	0.336425699996484	0.5737124295663	0.0124848821014716	0.522495848701927	0.0640533132698673	0.00490975940467988
Marrow.regulatory T cell	0.772415446794975	4.05521866012735e-31	0.326222780016012	0.965995714514058	0.857012492073565	1.09696944124973e-16	0.380160666842572	0.994946710634375	0.419168836961475	0.62049941895937	1.10122740306685e-36	1.09680720589502e-16	0.661669188258621	0.285439269916673	1.31457576371481e-20	0.724799915358265	0.000165902167096326	0.718914312617942	1.45575949761113e-18	0.0498070384074981	0.888168939555886	0.920570445621535	0.977310790774938	7.72730330199874e-16	0.571918705378148	0.420938415178183	1.07636770398061e-16
Pancreas.acinar cell	0.525341159408431	0.526912364349191	0.521767686608264	0.0178999898484038	0.00399160495313016	0.992819150497317	0.0445889225312942	0.395489275534208	0.0468625726214902	0.205530883819798	0.85812355199392	0.99282370368212	0.156884891149379	0.512276275140217	0.874980410690634	0.840091298315227	0.982960829312439	0.61634193239856	0.569754090812003	0.421682436298759	0.1605603370137	0.962399196932802	0.468385186622618	0.196631460842678	0.0858929821897379	0.0484159839666117	0.992812277165954
Pancreas.beta cell	0.848360146747605	0.999999858152266	0.000369731872278004	6.29848446917099e-09	0.0594422454668114	0.999998639982884	0.676060493246507	3.44673811460515e-07	0.939619635814988	0.989791018885036	0.99998101076513	0.999998633619648	0.0273565356969653	0.999104528808665	0.999979644339541	0.000820950647910218	0.999999972114124	1.43422398931388e-07	0.999999184279214	0.992482556795439	0.775043612496274	1.43414181606149e-06	6.03773582861621e-06	0.997196409917513	1.22219528785338e-07	0.939605559346029	0.999998648017609
Pancreas.ductal cell	0.364205606718207	0.616902551579026	0.384475258268726	0.754983118272716	0.0521257869257007	0.999860784686999	0.0200525015640875	0.413080504911178	0.481184850062755	0.555172886665622	0.990113124751583	0.999860157017454	0.791127417565454	0.412660339066976	0.997897760225566	0.42394133313456	0.999438118911512	0.188016785689807	0.995124460755481	0.990645318388803	0.026950210785973	0.624547331987642	0.498406585351686	0.352398366996419	0.155132711298058	0.483437324069995	0.999859369498872
Pancreas.endothelial cell	0.358018353434838	0.960454195942263	0.998595049228654	0.844310672095912	0.000698730182477731	0.994002909232202	0.393952169959202	0.98310234080395	0.759368076665625	0.0463274905491895	0.980304734983726	0.993991297360124	0.773569243890024	0.530259105594576	0.10018384945439	0.866093363369386	0.0437012564209721	0.55934661271512	0.800449076250349	0.897091823339579	1.49806210372387e-07	0.871810385103603	0.963652297756867	0.395221043143755	0.526682669353751	0.759732315566829	0.993993177398185
Pancreas.leukocyte	0.176234716365247	1.0554235364431e-14	0.988812142832949	0.999907168460235	0.223472996615318	1.08879416091271e-10	0.331813912210941	0.998866828719038	0.0264356061078879	0.00120837293198016	9.99193284412084e-13	1.1187196870119e-10	0.676569506631596	0.05596858426619	5.19212055889855e-15	0.994177299321929	1.7509358636229e-18	0.837830350474731	6.59224463366205e-12	0.0142032177223518	0.986997348452656	0.970098224086498	0.998070543132876	6.31158366332868e-07	0.785682240176532	0.0264654197387926	1.13819368042754e-10
Pancreas.pancreatic A cell	0.79921455439538	0.999933985384756	0.0025394789209751	4.08062952948316e-07	0.51405347846801	0.999975836187105	0.7873371945873	2.15776568783311e-07	0.995164763835071	0.994884545375098	0.999956735853104	0.999975747354384	0.0117409047697338	0.999960426851521	0.999999924888696	1.55962704471554e-05	0.999999998565217	1.27755852869826e-06	0.999672762249085	0.999917672761343	0.556581507200003	1.48139734964403e-05	0.00047561327521631	0.998370630072118	4.41105712342722e-05	0.994987119538505	0.999975981794225
Pancreas.pancreatic D cell	0.890289945419565	0.999999786692716	3.06619173266377e-06	6.38594865574574e-09	0.222826366025786	0.999996892052057	0.413749104162718	3.19049782523454e-11	0.992408829703764	0.998058385890342	0.99999943193898	0.999996878884094	0.0111589121012752	0.999973908247604	0.999999999997752	2.38583611168725e-08	0.999999999999996	4.55715398858278e-07	0.999997957947816	0.99999994033139	0.486134175296446	8.73648958716701e-07	1.91644581399106e-06	0.987664329546239	2.48630141606261e-05	0.992319541153772	0.999996902585214
Pancreas.pancreatic PP cell	0.611939709833478	0.999966033993333	0.000208420322693717	3.11556859150817e-09	0.119388928481485	0.99992276699089	0.534532798969189	7.1089351816873e-10	0.955102387854945	0.917518679609659	0.999989649494722	0.999922380549521	0.00367321637586556	0.999889296442447	0.999999947341867	2.89232300350838e-07	0.999999999649358	3.45438531171043e-06	0.999964934466787	0.999481619097048	0.378409987890129	3.18276550924206e-06	1.22272545972105e-05	0.989777260149748	0.00018878316069658	0.953858766862205	0.999923339646805
Pancreas.stellate cell	0.122684297069711	0.998755581227185	0.994311226189688	0.23632478923014	0.0139819710187047	0.999889380290149	0.520439446070958	0.940971682121215	0.858388536863947	0.825392060449614	0.999812435343085	0.999888961599864	0.520806953675215	0.989275984874223	0.999970266308769	0.907369953381376	0.997640899813432	0.795854730242431	0.999459115240483	0.999999993865285	1.8187478077802e-07	0.894745865882737	0.807288716201706	0.924444521396938	0.787297699072028	0.861740523442975	0.999889608273433
Skin.Basal IFE	0.348818044024758	0.994214995441763	0.669111415159904	0.656746440462768	0.324558936123708	0.553046436606816	0.806886003625227	0.224193442322357	0.95995426575635	0.895195150916237	0.966065881854152	0.552756431103418	0.916338482270102	0.699144021982231	0.99213383089836	0.207951564790193	0.979434486788428	0.935231305209369	0.969899568410971	0.446820008630163	0.297202207687423	0.983341300783156	0.350506581612701	0.97505475132741	0.933976129373625	0.960317427982381	0.55255435362243
Skin.Inner Bulge	0.170177709758089	0.948374016377742	0.404984350146501	0.203734932436806	0.145393337757379	0.83914176951352	0.772971854571735	0.389746136301452	0.805141918054471	0.848890706461746	0.883280695963475	0.839072535370101	0.87912858604912	0.547873247078241	0.989743073218746	0.204674106381846	0.953349406075977	0.236627344003265	0.936587319524888	0.974013597759066	0.420177022442748	0.207974420240148	0.504479071137316	0.942991494561607	0.741001230803585	0.807534808514197	0.838914636742401
Skin.Intermediate IFE	0.239675159928435	0.93619986883339	0.636491688431657	0.945028516363667	0.721027857502055	0.523174274566522	0.939896130297267	0.480932086186121	0.79975023806504	0.799384864336172	0.968297398494629	0.522759162951265	0.934476751654997	0.113657425131369	0.957286835764796	0.483044301401007	0.926011177236966	0.870173957055451	0.918902894975203	0.02222252455766	0.888427150579615	0.980239931357353	0.675438126236751	0.936729293486241	0.792751909382753	0.79666505713006	0.523178799166183
Skin.Outer Bulge	0.309635214455193	0.999549923395455	0.690020299162379	0.265507818007169	0.243785554031724	0.984901284046146	0.716555443164767	0.223400144292136	0.697988614880377	0.906890165163355	0.991501248532078	0.984885801867855	0.870065593313875	0.933067812273689	0.998505219001674	0.138498828966404	0.996753749116611	0.17787454102556	0.959485569408841	0.993708434665821	0.124076702599267	0.213215264649575	0.278103101362647	0.98592921156211	0.634365760475543	0.700299204206546	0.984856557439752
Skin.Replicating Basal IFE	0.307208301702313	0.999981570977288	0.246368473932138	0.351348861481788	0.473380100747613	0.994894780069987	0.642989020127584	0.0433484873543671	0.379282650229075	0.910688252966872	0.999142328510774	0.994880875058168	0.191156962224641	0.729045445197258	0.999280916562099	0.321063207429427	0.997161021724363	0.955437398705863	0.961369168377792	0.00133535723568663	0.513840117912071	0.697984916008687	0.0648177254356073	0.999833234933012	0.771479166406633	0.372824117905347	0.994844355569641
Spleen.B cell	0.340476434161081	9.41289005723237e-24	0.543543033321561	0.877120730848317	0.400051062251902	8.96724905665109e-22	0.416992286340039	0.913459585174126	0.0748845153114951	0.024937322100737	8.40756419384889e-24	8.8578608364993e-22	0.393195642085899	0.0892775039679302	3.23578479188128e-29	0.120646031664148	1.75321948643876e-10	0.216224164318392	1.98530039971546e-28	0.165592453805206	0.81162829544329	0.161662155572285	0.799348324939219	1.80548551234998e-15	0.169979193961554	0.0756117361096802	8.43560082374264e-22
Spleen.T cell	0.488746695697497	3.92541360891069e-30	0.408208316094882	0.940887748193614	0.866154086819946	4.94561381034417e-17	0.283857669128342	0.939933872653921	0.478824454412895	0.131958690177607	7.24979228239787e-33	4.93311168784357e-17	0.907730275289925	0.407436663356476	5.71415977886655e-30	0.544719194197431	1.87811300587248e-05	0.808715395333691	5.354702251746e-22	0.011320195591891	0.983310741165853	0.963301851083088	0.830075392765364	1.92395465614814e-20	0.364542960090459	0.48117418976067	4.76014334021745e-17
Spleen.macrophage	0.449995973433561	1.26399772497431e-10	0.987780320469432	0.990153911917411	0.954008056454098	5.85713175245494e-11	0.669491540083021	0.997571320686614	0.83789097839913	0.941954957083489	2.56513507330048e-12	5.83003146218662e-11	0.92048932016178	0.471535821519737	9.69150462856815e-18	0.999994435325934	3.73540954020978e-06	0.994959426517487	3.31629956978668e-07	0.161483611210885	0.992369168666749	0.996691603971191	0.96226397570593	7.22343217431622e-07	0.793898761657349	0.839356113586109	5.73486551548685e-11
Thymus.DN1 thymocytes	0.938358929544	7.58306157022563e-21	0.910442456926966	0.998680644875088	0.996330892929836	1.41123268034573e-10	0.934485862667739	0.999941384635673	0.174839106324961	0.5198530380987	3.38929259193145e-25	1.40195614331483e-10	0.894637360373121	0.278300650321142	1.32557069649593e-17	0.944106941557562	1.3575452551198e-05	0.946802864223252	1.79727570746415e-12	0.135115866280979	0.999792631670511	0.993992586253775	0.947134524969157	3.84668505439505e-15	0.764831235378334	0.174408176414724	1.4108928744669e-10
Thymus.DN4-DP in transition Cd69 negative rapidly dividing thymocytes	0.69662578005229	0.00216477672384465	0.00903635584579622	0.476773193452171	0.668532971938899	0.116771890549987	0.892589067927625	0.203553381552966	0.0034047973964367	0.381749731393323	0.000283241542872985	0.11665225443612	0.439580545889958	0.619156566673407	1.25652213741451e-05	0.123786649031678	0.000374528146843781	0.289469330343271	1.07306519793838e-06	3.46651268265808e-08	0.772547959161941	0.0367725571039848	0.56033110438991	0.0666382504500557	0.0638530128844691	0.00325617785962743	0.116440188824659
Thymus.DN4-DP in transition Cd69 negative thymocytes	0.931241506848646	1.33363456748641e-05	0.639755531506263	0.593565256073683	0.829390798411175	0.00106095682360433	0.899528940191724	0.637911895632933	0.703586583056619	0.554954165457086	0.000197691830470975	0.00105835730830984	0.946043242018983	0.946155359762571	1.26735296922098e-05	0.170211118310427	0.0124608258440743	0.188846842078646	2.95725141664296e-05	0.670203526255843	0.929527555626284	0.920497286181091	0.829125696986599	0.00226579712256052	0.226164724499329	0.705721135120252	0.00104864014535768
Thymus.DN4-DP in transition Cd69 negative thyomcytes	0.853432661329137	6.57128744689722e-06	0.0300724747561127	0.230038265478649	0.539932422800438	0.000400941653426655	0.895652716447034	0.449086439809048	0.496196850678683	0.250597126287778	5.32794827299609e-05	0.000400415728763604	0.582885161170045	0.723542970148933	6.35699211123455e-08	0.0256147498252183	3.98414728611533e-05	0.0564287183471954	3.21122958056704e-06	0.0323934243130155	0.687380354286543	0.241986790825747	0.346341281163192	0.00559960209678698	0.103467786364808	0.498113447474006	0.000394873969511563
Thymus.DN4-DP in transition Cd69 positive thymocytes	0.617163921516554	2.84111831658263e-26	0.186285927812487	0.569656799289491	0.736031358261113	3.9170975086079e-12	0.598369031279126	0.48208407536417	0.155576314791747	0.0328715514501359	1.52471020348156e-25	3.88321620214753e-12	0.87717412601409	0.380292056348311	1.49188332318273e-22	0.2576202085541	9.39215641858907e-06	0.704003193943496	5.81972741623169e-18	0.0434863858765932	0.966238484346018	0.772627755823486	0.390799491891849	2.93044898394865e-16	0.313033110056579	0.157043805879865	3.7762860202364e-12
Thymus.antigen presenting cell	0.790830567849513	3.19205415418282e-15	0.991525005240051	0.994847413904262	0.222662820201804	6.92675036800259e-13	0.848933494074678	0.996082997445407	0.112657241967664	0.00342554345893897	6.53913839318339e-16	6.89756404847135e-13	0.33025176991396	0.0103911265397942	1.64186325276866e-16	0.873673891186783	6.75404164864618e-12	0.741830756765348	5.02558125679972e-21	0.500663118709833	0.591810625276357	0.714902001884995	0.989483711361253	2.68710120026229e-11	0.268771582343715	0.114307137384924	6.70532555471521e-13
Tongue.basal cells	0.0639067971231368	0.999568956828859	0.366802503209263	0.382877240745103	0.741760416353852	0.828336435029875	0.337119374460152	0.0160207530527841	0.936812303846256	0.65953943733189	0.989522117610211	0.828042845753184	0.926757794971205	0.822818522264789	0.999376074445389	0.527541757566653	0.985553891152116	0.766869182429399	0.998461310958288	0.0132874166766415	0.296617608944725	0.892687013105523	0.20976242199842	0.99990744579126	0.659848100139036	0.934992115266706	0.827598451967449
Tongue.differentiated keratinocyte	0.373021969136925	0.99989980808098	0.850539301335002	0.947628539521673	0.991033988389994	0.710645999285961	0.971775602322825	0.659507339343402	0.853504919876687	0.754855253474515	0.999601174891408	0.710428457986675	0.993843882761851	0.561584837746364	0.989925330698066	0.979863555702179	0.983068637104378	0.99859424389464	0.998821490364402	0.00156586339972352	0.965406839549322	0.998941565328315	0.96805096948455	0.999947340254117	0.673456032831309	0.84685481345001	0.71085267955041
Tongue.differentiating basal cells	0.423412995727307	0.99832652156307	0.880198664923687	0.591591396052356	0.984647149905361	0.483141459647856	0.924008102388961	0.448634786105654	0.797081590920117	0.916384680822348	0.999301680306003	0.483352679910117	0.986463969588269	0.885751631091881	0.999776334494241	0.945705971281854	0.969398493586432	0.973620657525041	0.992362064523416	0.106920550189869	0.761456207863011	0.995579025062162	0.892240569802379	0.999927713517672	0.609480990294006	0.788636542946831	0.483338611267595
Tongue.filiform differentiated keratinocytes	0.317805022567954	0.978048832543636	0.873452488460512	0.111545453564993	0.353161615451738	0.601480203418626	0.962272990413031	0.345557927759717	0.821492614305929	0.484019068598229	0.972211441611802	0.601045357640754	0.560995673073536	0.95446735304951	0.995673669853488	0.734993637867231	0.836069246042959	0.847643327995832	0.999385939325381	0.0491263678412941	0.474521972179543	0.96035726557049	0.25260925247362	0.99951701399008	0.740890270736421	0.817476768430364	0.600753660817201
Tongue.proliferating	0.215580512705517	0.999993081446291	0.358783917841311	0.604661540138604	0.78357402648907	0.950813542681558	0.375770492197592	0.0727410013246404	0.756290828335042	0.707921687249709	0.996717102795423	0.950693022567082	0.763240174765021	0.800678689443817	0.99954233674301	0.863652960413782	0.994234249094296	0.984289271767529	0.997711775502986	6.52131655642494e-05	0.505388130181449	0.899140336757994	0.241375159117816	0.99990832107848	0.751139890379191	0.749756853474337	0.950580807309239
Tongue.suprabasal differentiating keratinocytes	0.824591769436999	0.994560395853777	0.893927510112796	0.780674574531095	0.833187583089676	0.55277774115004	0.982990407837091	0.843612751720803	0.584496672075947	0.786303268646656	0.997988725042131	0.552581180430866	0.915160780562321	0.893273450199338	0.924625748250343	0.993691267182575	0.851025138748894	0.988800005581738	0.982895256279	0.225804076378918	0.92836127896488	0.998154086848391	0.872868512951	0.999730549051812	0.480621872031532	0.576465776104912	0.552295437467911
Trachea.blood cell	0.475037196656382	6.131468373313e-23	0.888341682091002	0.999922309622322	0.724871256183617	1.59330140516651e-22	0.533665513884775	0.984042292326199	0.034466141224659	0.0288992672514343	1.57371679877649e-24	1.62044630682774e-22	0.734779158925728	0.00981338118697003	1.3553617609886e-18	0.527727084626303	1.17223523452137e-25	0.603317954718337	9.92931074964464e-17	0.00180679146462009	0.997314458479527	0.775691052742106	0.855770347800453	9.03659078558946e-09	0.919543006958505	0.0346390978105197	1.61972161480204e-22
Trachea.endothelial cell	0.0582412190697117	0.557903320005299	0.870850419143892	0.719456235113946	0.00563923629317964	0.321319996744164	0.2395690032257	0.787199327006792	0.423910918023513	0.162585571899855	0.487696608751544	0.321755633570007	0.635413414162329	0.216138769675904	0.000643540301568534	0.443881160127715	0.000411876280095554	0.478092295242159	0.484853994295218	0.91760555284494	3.20327298507057e-08	0.441956565834679	0.870316504164411	0.347010167034083	0.56052299497052	0.421139872057817	0.321188911530607
Trachea.epithelial cell	0.844813889114954	0.310152662372858	0.935903995360819	0.11209876623853	0.46795469330573	0.765700078802123	0.139686903861892	0.491210355931785	0.989413526140027	0.994059477641422	0.507245270575062	0.765404061296707	0.549228871974394	0.826837663474082	0.995872602259979	0.752936699933084	0.994163401166038	0.874371709226014	0.891301758979886	0.999952511979848	0.0333836272485001	0.861255941788514	0.542679066939006	0.420801508896235	0.225069817936573	0.989696419248705	0.764916200144439
Trachea.mesenchymal cell	0.224621261020867	0.999998855519739	0.99661693473102	0.534844457473163	0.900743582906291	0.972050555219248	0.824225191884013	0.881988864583454	0.996570386663842	0.997792311045169	0.999994502795305	0.971974989743646	0.374116881182984	0.999194572889901	0.999999984387237	0.414273578573711	0.99999436270699	0.643180019349016	0.998951332664549	0.999999999998065	0.000225475231284223	0.914737359574811	0.626018253944353	0.968060327858173	0.97583192536652	0.996603215385822	0.971866961363033
