cell_type	AF	AID	BD	BMI	Cardiovas	cd	CKD	College_edu	glucose_q	HDL_q	Hypothyroidism	ibd	insominia	LDL_q	Lymphocyte_count	MDD	Monocyte_count	Nrt_new	RA	RBC	SBP	Scz_new	Smoking	T1D	T2D_2	TG_q	uc
Bladder.Basal bladder epithelial cell	0.00227475614364615	0.995398761507041	0.906177671396695	0.881309115370467	0.91118656604783	0.999411023014283	0.124963678507066	0.613869684653171	0.830158408306666	0.859726915104998	0.999546240560106	0.999410913779204	0.175255163632554	0.775211469859096	0.999998051004257	0.409320482114137	0.999999763371649	0.933624072361044	0.999838893677177	0.502277755705846	0.766440490159135	0.73805713117548	0.331536424181328	0.999998375208853	0.825851062773036	0.831801289642859	0.999416805070107
Bladder.Bladder mesenchymal cell	0.244993034538625	0.999838129295531	0.875641214296546	0.182299792097901	0.66734789328915	0.839884701362903	0.705368222059328	0.756601310673999	0.504970647222321	0.695733829393661	0.99972563014817	0.840245187326721	0.479446567054449	0.976348995671235	0.999996514225884	0.594432948766861	0.999817699812791	0.567239448100041	0.953579435657749	0.999999672583985	0.0020333552385044	0.49989895826739	0.280333149247506	0.670955844711057	0.914070410891981	0.518751415130827	0.838384943723091
Bladder.Luminal bladder epithelial cell	0.144387189745699	0.963733109714553	0.790355411421001	0.96678640155083	0.851842302135473	0.996501269996786	0.326837385697244	0.933362818179079	0.759478823261104	0.831323929861085	0.996511482609029	0.996499609172644	0.41073776609643	0.368479964596052	0.999988656966736	0.868984566413026	0.999999322608162	0.983543637568824	0.996870725087772	0.457867145694568	0.930678460057264	0.892336820843191	0.630172071616072	0.999825355796701	0.873113337071368	0.762339984120549	0.996522118982455
Brain_Myeloid.macrophage	0.974054728299291	1.34052530203106e-06	0.991302467238243	0.999860789828108	0.688674814084016	8.23268242751635e-09	0.867867482750798	0.999533235526828	0.100226690352913	0.0045720272881508	7.53209655455555e-08	8.32546971062582e-09	0.546937470355864	0.542940825419074	4.2516243218524e-08	0.999511075292744	3.33727968103016e-18	0.98513573248505	0.00911502828796353	0.0977410467185185	0.999700500587763	0.988766491541171	0.981902502548604	4.68816657456632e-05	0.992588856762983	0.0972983629020827	8.69356694339345e-09
Brain_Myeloid.microglial cell	0.975041549129051	0.0201164791806609	0.994389190787023	0.976356120535684	0.355837636162831	0.00832199622160597	0.706435901982522	0.997030986475935	0.68384605155902	0.119916461341566	0.0090038186801871	0.00833074329640943	0.720831205484937	0.810057750999819	0.00472103604979174	0.989270953746117	0.000477194658089816	0.917516061507118	0.449215276227408	0.64989416285492	0.889208259444019	0.910418614848877	0.881774589600856	0.013093493751374	0.974923009452622	0.686851114356109	0.00841465015265112
Brain_Non-Myeloid.Bergmann glial cell	0.645123064064067	0.999939027031333	0.000745736266849095	8.49331045081562e-05	0.957697949888393	0.998538900990499	0.728423873105909	4.4522482223424e-08	0.997256527506783	0.996687486063563	0.999997847201242	0.998543783549353	0.225515323770215	0.999992504184458	0.999998085268017	4.20882604206844e-05	0.999999992661339	4.95370742805329e-07	0.999999991029262	0.999999999676528	0.782259467431778	3.86767079385984e-05	2.9332703640108e-06	0.966532943974205	0.975433911462982	0.997294046606653	0.998531547762253
Brain_Non-Myeloid.astrocyte	0.629358200467439	0.994423475150941	0.000827019991544943	9.80782183034736e-05	0.998436196227215	0.992924129610858	0.575419590373318	1.1441061830149e-07	0.946429962450317	0.930975597445876	0.999695347592497	0.992941774544968	0.37181719315244	0.999975955591406	0.999994744594802	0.000870367780434516	0.999999886824865	9.26125785797058e-07	0.999999294876475	0.999999999923883	0.841623153990583	0.000940246803439752	6.15918203271867e-06	0.912392870324026	0.949294276209848	0.945243178383124	0.992859459771008
Brain_Non-Myeloid.brain pericyte	6.42940156156993e-05	0.999885601890796	0.0387443660629987	0.00330447950552948	4.92956993602216e-08	0.968536585366845	0.00557035915064473	0.00361590246300263	0.0224806322028522	0.046920117243372	0.996833658517259	0.968565774132137	0.00427973434717054	0.383609938033841	0.79628575507816	0.722717789812569	0.311182782030374	0.216996842391588	0.995415331470393	0.748127652811136	2.23921234250153e-16	0.796372162646231	0.300953964750402	0.995409873122913	0.805759800912119	0.0201220548528367	0.968589605814164
Brain_Non-Myeloid.endothelial cell	0.0281414862407182	0.945406149392045	0.934569460307902	0.933256995065503	0.170044049958743	0.137412414372991	0.234697511528976	0.9597489684842	0.252481752294029	0.42134549425658	0.980318118154955	0.137474719284761	0.48216865931809	0.524225578575344	0.201684849457543	0.535853758728568	0.350162236443685	0.498624596082734	0.809555361685415	0.937984942729896	3.25079849671036e-05	0.915199325535029	0.604427315013954	0.74553076671505	0.945212895058421	0.239607528840794	0.138223296774533
Brain_Non-Myeloid.excitatory neurons and some neuronal stem cells	0.836645902723904	0.999999963232503	6.57796334400176e-16	9.5530119247309e-29	0.568998655618604	0.999947367790172	0.189293765798857	1.44080927376237e-30	0.881009876201973	0.910246617359874	0.999999999290459	0.999947333029942	5.84931522076164e-08	0.99999996706814	0.999999999999916	4.81711664357473e-22	0.999999999999977	1.05934888164269e-20	0.999999998193164	0.999999999004369	0.75334792688339	1.09499078516631e-26	4.79685013763906e-19	0.999833930816448	0.0664612226635252	0.881444705206831	0.999947577968128
Brain_Non-Myeloid.inhibitory neurons	0.732596231662894	0.999999981526953	4.06931318682984e-17	2.61306196977653e-20	0.545504940256359	0.999674559413429	0.106401805230449	1.35496514821226e-31	0.978643601055058	0.93936565738716	0.999999973851707	0.99967506383096	3.46765830109536e-06	0.999999631366758	0.999999999999979	1.43824709061803e-19	0.999999999999986	1.42035478521694e-15	0.999999999883237	0.999999999735489	0.560929444681596	1.62561530336493e-21	1.43089911395239e-15	0.999940633847295	0.161447771270492	0.978441944103724	0.999677482318895
Brain_Non-Myeloid.oligodendrocyte	0.858363676895837	0.879775763324984	0.0155495056552223	0.00406172006350024	0.785694907675676	0.825224338624424	0.312124506690762	0.00200511726733503	0.472686657246432	0.354534646011775	0.953245114191211	0.825436200237317	0.000862893562056097	0.95409853462699	0.999256936434183	0.00706038533164325	0.960239598134538	2.34120348371211e-05	0.841003170842752	0.760044835818681	0.536348258491785	3.15144373113627e-05	0.000174174915248813	0.719778825166643	0.56372264707102	0.472751913241454	0.825657958335044
Brain_Non-Myeloid.oligodendrocyte precursor cell	0.919109532456546	0.999920214292962	6.45268308869746e-07	7.25620982519156e-15	0.910296227366538	0.999971152802628	0.718717189986237	2.6988171116563e-15	0.982313743988851	0.9820481773852	0.999999989140923	0.99997115966291	0.00901217805269537	0.999999901030474	0.999999999997497	6.03121144013951e-11	0.999999999999995	5.69326851842678e-14	0.99999982203484	0.999999999996937	0.76411137370616	3.24121751628002e-14	1.29811044088691e-14	0.990899756016771	0.748612449914501	0.981654778211907	0.999971332191666
Fat.B cell	0.688201850151263	4.58393834975831e-24	0.946647739099686	0.985892686113004	0.443810879217461	8.22551160378941e-20	0.569574431356092	0.955121024918161	0.458638301075775	0.150626838862978	2.0327165029936e-24	8.27280970585967e-20	0.665522039426438	0.189013095990638	1.51984001871561e-25	0.21108799429137	2.46345130567994e-08	0.403459382083239	4.59791708083732e-29	0.504630381908423	0.9378192066042	0.553191299469486	0.699976861007839	5.97477929236422e-12	0.350081592141773	0.455356905569627	8.57939943951162e-20
Fat.T cell	0.557165592049721	1.53833657752141e-38	0.256310668078011	0.990215219762935	0.827834779222381	4.82637914052706e-23	0.891006873593088	0.944148729796402	0.984885429795804	0.561331149818206	8.49342849940817e-43	4.88455202283435e-23	0.83884393755864	0.769979409918112	3.99883488424908e-27	0.383644540418947	9.73224188380241e-05	0.844658696780436	7.22490558082451e-24	0.0532422492221376	0.998653787434883	0.922639367513892	0.917165644658328	3.23583082399096e-19	0.879999280288236	0.985012451313434	5.14672999462383e-23
Fat.endothelial cell	0.0734597896002537	0.96082773138468	0.927115855660896	0.91457360172179	0.00143065622041487	0.74894779799424	0.343286203527555	0.975436538564299	0.110587077896631	0.00979307074358752	0.914918312643842	0.749247419909505	0.928668162678368	0.341971913924368	0.00264210249287765	0.625761261356821	0.0222468028073247	0.829576474690311	0.705746944843727	0.973942758815613	2.87361246274335e-06	0.980010402082643	0.992965702902541	0.536522436065518	0.899291565858487	0.10572798548	0.750377635555111
Fat.mesenchymal progenitor	0.172903518837263	0.999748325837522	0.983980326129327	0.851367960726102	0.661383408271528	0.831335020329326	0.864215622315039	0.985992903161646	0.666278720485615	0.89150608824466	0.99919025457465	0.831605019282249	0.760703051220821	0.959372154567043	0.999999076403131	0.734122671013091	0.998239858257463	0.839083039156879	0.989111362196749	0.99999992316994	0.00112219298822981	0.909727812778253	0.90995045671382	0.851272710454375	0.975092879091339	0.699472350393695	0.828084810701329
Fat.myeloid cell	0.863117353785232	6.74622217967723e-14	0.992000805985887	0.999999739194505	0.969568934061298	3.19465697928475e-16	0.815625062868611	0.999711727550025	0.315113350564022	0.000735719322151185	4.74652858701943e-14	3.25344424613904e-16	0.969470917609779	0.000639429364325885	4.95629304487271e-13	0.985304572913987	1.37717932504032e-26	0.947869536004681	1.02246783861529e-07	0.00821023301859699	0.999993892294731	0.97537702475412	0.991848374523361	1.42440372044346e-05	0.996081461407813	0.321203236816774	3.49978861462554e-16
Fat.natural killer cell	0.919328689528291	5.51559191822999e-15	0.991054287709991	0.999719354393371	0.991612404477538	1.2960117295146e-16	0.924665775084186	0.999979881322194	0.989067023377214	0.980811449761847	1.46649258416896e-16	1.2996646216162e-16	0.974218280172178	0.588581620527768	1.90385091402566e-18	0.999963571981449	7.31829378470517e-06	0.998418676188054	2.16494088611633e-07	0.493859460205631	0.999864138522266	0.999784233044651	0.977703907649998	5.69013489067177e-07	0.978377942537859	0.990172501214608	1.33455448069395e-16
Heart.cardiac muscle cell	1.30390779438093e-05	0.999291024177932	0.61832796598135	0.641812681060599	0.102899269528498	0.999308513676511	0.0566080935193429	0.375735976178194	0.148134785660641	0.544587074192391	0.999842329296746	0.999307651811888	0.0678045992782822	0.647869210062627	0.990651660289951	0.619287031435207	0.993022996933095	0.85129159648234	0.999981307726358	0.696511120458091	0.0435273044517011	0.664527763698325	0.3249430654903	0.964574295414611	0.0436721871914689	0.14010087982792	0.9993074303893
Heart.endocardial cell	0.428231422597194	0.998813108798954	0.951900604501403	0.980805004037376	0.249840476826437	0.997348491423445	0.847720342626993	0.999969308503672	0.407247481756942	0.604200641665648	0.999870152251051	0.997348069773182	0.950293805084425	0.249128980941738	0.994158075021984	0.879675823556011	0.808914322464438	0.928949754465906	0.560280397937636	0.993593567780151	0.00254266263424894	0.994327669637624	0.972787482172382	0.785642511517632	0.997332772864393	0.402453466414546	0.997325405776738
Heart.endothelial cell	0.206221094426259	0.993314012632182	0.998156263680065	0.988691188325142	0.0440954914973448	0.967714905114515	0.380400436616544	0.983233175216271	0.542959324654243	0.109936424433534	0.978192344490196	0.967764814457519	0.909548351268395	0.768524409400373	0.0237524269787304	0.72180884635519	0.16740537318414	0.864896263441937	0.779368919856862	0.982857663112992	0.000233400301895227	0.976002341311245	0.993843133887771	0.744292752626954	0.744032948903864	0.530488966144838	0.967949285479922
Heart.erythrocyte	0.960992138534502	0.999990495859096	0.9854112518621	0.241158586395726	0.943267503160921	0.996161110437502	0.0820168658185201	0.143718672093454	0.98789453389099	0.990248758084651	0.999995601984101	0.99612605079816	0.348395704239066	0.998488117040819	0.99999997190884	0.0353690476641089	0.999964065376888	0.260136858435373	0.999921751571429	0.999999107724068	0.791960729072707	0.565370224509539	0.317833168048839	0.898374310931084	0.389256248485812	0.987807448735545	0.995999272233925
Heart.fibroblast	0.753663380674724	0.999999234328753	0.994448022900908	0.981702215675919	0.751608482257956	0.999908768524422	0.787530801133814	0.999983673468376	0.918892292524642	0.999343078631257	0.999999238850732	0.999909340767459	0.925497388343869	0.995118835493279	0.999999999750503	0.866233524502141	0.999996782653449	0.971977790623736	0.997048740668204	0.999999998632767	0.00820802917757377	0.997644363812155	0.984541318241465	0.947668176208632	0.941006138415587	0.926678012863043	0.999906527158401
Heart.leukocyte	0.843913815865211	2.04441745075691e-08	0.996976063692792	0.999999225125107	0.868944059272922	9.76122549382265e-09	0.821878957525988	0.999987561138278	0.0813724099898517	0.00145114777986545	1.41948540796526e-06	9.84568970842979e-09	0.90864187133725	0.0180577334287607	1.96060181576692e-08	0.998613785025024	3.33760172913768e-17	0.978691567425054	0.000827306531131493	0.0774368922471722	0.997604137532307	0.990822834912394	0.999361988157022	0.000174024000393052	0.996250058715237	0.0775488330717986	1.01375952649766e-08
Heart.myofibroblast cell	0.147612653668556	0.998327685737653	0.96822289964177	0.242355222391837	1.36112929929451e-05	0.999178796157938	0.0183346288125484	0.543723901656865	0.0888397937451606	0.387055514255856	0.994767334837882	0.999180857463957	0.258512861532683	0.747286354960952	0.592324157565159	0.550121263133173	0.15906555588407	0.78607912556975	0.968608909349616	0.999320577100697	2.15290183630574e-11	0.940977491514217	0.525572094191658	0.968764322407095	0.778787069345281	0.0850367884148418	0.999188117759275
Heart.professional antigen presenting cell	0.645246812430111	9.13093811870517e-15	0.917641980587104	0.942074736970348	0.975856313860119	1.97764188680508e-10	0.961447741323901	0.98437762049429	0.614689125534353	0.695516252714416	1.06820010625212e-19	1.9918649068477e-10	0.850635353694942	0.556147669794113	4.66229907096535e-09	0.559037537417513	0.000160482685111239	0.864242713186003	6.11938891772572e-10	0.662607630242161	0.999795415285721	0.621261227560367	0.93069299180013	2.47763598963436e-08	0.593810975368549	0.62534265043451	2.09437950448745e-10
Heart.smooth muscle cell	0.000145723324502882	0.999764325658492	0.544141591580424	0.078201341249122	2.12512521176329e-05	0.99737204109476	0.00481182623658353	0.147845638153635	0.1754736476481	0.321814595227998	0.997544479938093	0.997375981852098	0.0112620761965716	0.823724896143446	0.958718124681959	0.666500119872441	0.709676968570624	0.741018659142597	0.99762261573719	0.987118540046752	9.4879228536387e-12	0.862237238979594	0.29821918115189	0.998564871504378	0.883398363926977	0.168892345510958	0.997362940243737
Kidney.endothelial cell	0.185061598864598	0.911500850206142	0.987855850683395	0.975414127173905	0.0130352428994889	0.892388720846364	0.219471380912564	0.999330018337389	0.484373138279916	0.223873026320119	0.889479914315093	0.892542790119643	0.840468896960912	0.386614606439726	0.0600074331072458	0.633863326673995	0.193333689037896	0.573243228866937	0.114676976146662	0.998830896389552	9.01709066413974e-07	0.881490555081744	0.902130569423834	0.451902375606673	0.976169133939682	0.48216733531157	0.893127678183338
Kidney.epithelial cell of proximal tubule	0.68288025505707	0.579650371923372	0.91378557271126	0.997562744464318	0.827902350705842	0.793356409117032	0.00695504530233013	0.998327389689155	0.1783246555828	0.580764717869584	0.956038921908005	0.793453126263578	0.422814407199676	0.181503428029944	0.946709336951457	0.942703925963109	0.778574997534406	0.961626568079113	0.774943432433766	0.643941637204059	0.983933600746239	0.976846089364337	0.989769561155518	0.722924160883705	0.813772910062291	0.174457068245062	0.793061143373671
Kidney.kidney collecting duct epithelial cell	0.959677970435378	0.506907367373366	0.72999810407195	0.378176586242498	0.0174714293676499	0.990659697665314	1.34203889051604e-07	0.933030902983183	0.966728140366357	0.803668303839693	0.887110967403223	0.990663112450545	0.522468752834583	0.748637385094889	0.866915013787121	0.849872819138548	0.942061515590703	0.991042459067283	0.970918068511327	0.946376949822324	0.0207470606626172	0.930897170847007	0.813972348062747	0.844267734954043	0.423084089330048	0.966443271262915	0.990545609884316
Kidney.macrophage	0.678555774264472	8.28486696461798e-09	0.990498516113928	0.999994884706607	0.910646190341769	1.14868826364355e-14	0.68658566218387	0.998410997855823	0.0949927979335111	0.0581703885001193	1.39886464697522e-08	1.15909963263597e-14	0.889543312885609	0.0979231696562551	3.24178059073128e-08	0.8542392063486	6.69585310118522e-19	0.756278391375345	3.92369948174929e-06	0.177367075775608	0.999669140265338	0.986998013901507	0.995756108021662	1.21651636088852e-06	0.974570322697442	0.0922559315184777	1.22093745076529e-14
Large_Intestine.Chromaffin Cell	0.717525693747393	0.994690816455276	0.0327417130012869	1.01178578281537e-06	0.00188400652057	0.997440693154058	0.0484053831949001	0.000991885877205339	0.39440449856965	0.685565795102472	0.999554251748747	0.997446497899916	0.418404233693325	0.607708565516361	0.999952831156869	0.0506735866180852	0.999966776275752	0.00566454487764799	0.999327270249979	0.999568127189481	0.254619288151112	0.00436660406374768	0.0341761191722414	0.867567863979062	0.00874568396498295	0.411619210296787	0.997479014485284
Large_Intestine.Enterocyte (Distal)	0.953251141456568	0.583814932459751	0.677199381501908	0.997511522067953	0.710135636706435	0.775997876620319	0.499921463609488	0.991577758938605	0.794210480865604	0.904540844635737	0.938135281882151	0.776270084896094	0.998400682008729	0.0127562787912403	0.897596177950986	0.999985655833597	0.824350057057852	0.999247017712965	0.872694651154226	0.155726593180316	0.574285489015102	0.992382293263418	0.735822729350244	0.707365826732405	0.809291854817576	0.788183196599506	0.776519900679833
Large_Intestine.Enterocyte (Proximal)	0.758364741847179	0.42470856487396	0.538318737284858	0.959106487032256	0.411869607290774	0.662624694020144	0.541752660308241	0.935042146933557	0.284389953934741	0.268928724391861	0.870408787375672	0.663099509000891	0.986962881896765	4.8636244806895e-06	0.616836480008897	0.999785180863181	0.671077887507311	0.997362636339793	0.786961033808023	0.0049969270242828	0.680677033349878	0.816239505936118	0.954103611411689	0.506784218530557	0.52072870820175	0.284991482131676	0.663854155755223
Large_Intestine.Goblet cell (Distal)	0.763994173726862	0.651947921583473	0.467094194376007	0.681648662816798	0.548164584658319	0.985765536148542	0.274696969211813	0.996196821100799	0.288148426209904	0.129243817326996	0.961248014315123	0.985794470891755	0.665870646590549	0.00143707986270693	0.997891555788907	0.999962825280579	0.990635141005454	0.978986448673603	0.683682766876661	0.00604720847841691	0.654554042135012	0.838533005295799	0.722746146650829	0.744186091621666	0.143814400142771	0.274410830860555	0.985916934714455
Large_Intestine.Goblet cell (Proximal)	0.706559867982045	0.506694137067662	0.64793778211089	0.200176707311917	0.0739169980387066	0.916297734680355	0.206310130885001	0.857205582187987	0.302237861692898	0.100981855119289	0.954425936670933	0.916534962286569	0.496298167372969	0.00315279040846994	0.992670864340725	0.997912965198412	0.984229009572678	0.854653194060744	0.816170382147734	0.0117579433552315	0.283518531477064	0.600310896349988	0.529663686332004	0.805554373025289	0.0367465131393961	0.293740745058498	0.917239534083596
Large_Intestine.Goblet cell, top of crypt (Distal)	0.830783132081314	0.340008003686195	0.683527324515673	0.918733586399178	0.54048213805306	0.778439687485119	0.305272346369952	0.969803442662984	0.942802948795775	0.921190693770578	0.816890327048982	0.778713731221804	0.994151767187431	0.157756211271553	0.947985377723299	0.999621785620392	0.968285197109962	0.979461881569999	0.724575492492673	0.558311038198579	0.51514741808961	0.990303067969981	0.903358864122914	0.447417168231913	0.157919250372839	0.940081756814668	0.77967446973577
Large_Intestine.Lgr5+ amplifying undifferentiated cell (Distal)	0.880414215280394	0.954722623403993	0.836320308505162	0.577985725186159	0.415943356045973	0.999993095402578	0.0559437330102732	0.994874278163055	0.263159949474723	0.295527901782785	0.995691851420366	0.999993119181483	0.492820008927747	0.00625842323561816	0.999553987063067	0.997555282508702	0.999484503589239	0.991437714615286	0.88537447107416	0.0101285517535719	0.782483839223761	0.956554714922441	0.675122775411208	0.7885999704702	0.0321082557596883	0.252050989506126	0.999993285046882
Large_Intestine.Lgr5+ amplifying undifferentiated cell (Proximal)	0.64883829920014	0.993159167883171	0.619948304037694	0.628707556361397	0.311751637916413	0.999993544508178	0.268415509631451	0.981462390279019	0.274930009613801	0.68388683487668	0.996809604202895	0.999993551798468	0.605494289834225	0.000439334756771639	0.982924106529375	0.979043852493426	0.997282649776275	0.989055138084124	0.940327408483648	2.94878013699716e-05	0.690864386686554	0.863439663576842	0.822477112731912	0.879100524398161	0.0386361728180286	0.267365622486055	0.99999366594287
Large_Intestine.Lgr5+ undifferentiated cell (Distal)	0.708581977693859	0.991107250954198	0.758701019623591	0.757843407384944	0.778868448803387	0.999998413119693	0.10411500509795	0.995182057731455	0.315964732000206	0.40043221707349	0.996750108052163	0.999998416067913	0.843522997402423	0.00162281208678762	0.999832859370024	0.999663156285037	0.996588398084665	0.998924825022361	0.970953143711395	0.00257592258670857	0.887263432632406	0.98090984680731	0.714577563135789	0.8057800980057	0.0768622690319953	0.304861621880376	0.999998439791589
Large_Intestine.Lgr5+ undifferentiated cell (Proximal)	0.554863701119528	0.914016012786829	0.829747365464032	0.784453090855145	0.339787637589032	0.999588373975838	0.355426295383187	0.995275447675595	0.509635345401454	0.625162752930222	0.965092772687377	0.999588968076836	0.912359220605352	1.46523635003708e-05	0.982050889622279	0.997885284177704	0.994845212320215	0.996892639361299	0.916572242986817	0.00136412793119252	0.658604275092009	0.933678998293276	0.917215138414757	0.809375460064633	0.135836072757311	0.504106804887208	0.999593115708398
Large_Intestine.Lgr5- amplifying undifferentiated cell	0.445359192082224	0.876780173458142	0.879888890672715	0.180808942552491	0.121982170130441	0.960722930408412	0.173091807386855	0.778689600533237	0.334199090665742	0.946296540300323	0.887436953841647	0.960746631588095	0.962733937031554	0.00248028041483738	0.795376242600946	0.91086945258183	0.989303614685143	0.971206701626584	0.602606677991611	0.0132935391208967	0.110377028328864	0.969675094442028	0.562947272168433	0.49238371887369	0.00964069673913264	0.316495808650205	0.960441695534914
Large_Intestine.Lgr5- undifferentiated cell	0.836743132097073	0.284394761921145	0.892250878868597	0.215844303813176	0.234934874159047	0.620414933873032	0.234677386183113	0.888365295732832	0.893696389155271	0.977994711624731	0.520780199860074	0.620547125783321	0.933956699400072	0.0468592370833625	0.568763855901844	0.933223249567806	0.963966649906699	0.98779595403151	0.557896364832783	0.537439003466424	0.179971786442292	0.984892660608549	0.311470189467133	0.372738850395051	0.00572094600430198	0.885266040159906	0.621014442119971
Large_Intestine.Tuft cell	0.246918398893003	0.00137343656552842	0.271429598026763	0.000913266746775566	0.000262801714952915	0.000484544515110753	0.00227907382450075	0.0735906293526632	0.0692421891346461	0.0663016131448684	0.0142482841527172	0.00048632055898137	0.41717708898015	0.0161667255726025	0.396159214122945	0.466732042521822	0.297469290712011	0.397688177151857	0.0013659301135775	0.112744795209428	0.000331178441033359	0.000443422886783119	0.00433998559744501	0.000359935281940762	0.127943918068539	0.0692579074334393	0.000494386076841349
Limb_Muscle.B cell	0.552356462937205	4.68565626890263e-23	0.736317569133684	0.931090067377595	0.333396581372614	2.38409830101277e-24	0.685592700795617	0.842348306136321	0.138136258844589	0.14508927920291	2.02234247897771e-24	2.41211614659625e-24	0.585100180268311	0.0647434872848723	2.98802105196575e-24	0.272075899759844	1.36630728413945e-08	0.26203431418945	1.15746851191982e-31	0.0664599091409318	0.876286374822731	0.0689420311629637	0.470637851423145	8.90413424029634e-11	0.13419010590999	0.135703390344648	2.55758409551842e-24
Limb_Muscle.T cell	0.427266611480552	1.00397734454261e-29	0.0278794529879213	0.977182771414047	0.511972406475762	1.01207530023187e-16	0.259589855043794	0.94213888879025	0.827894595899552	0.882985623313883	1.06536310284982e-29	1.01466416172636e-16	0.80337387322876	0.469950611458509	2.20331631328607e-17	0.112121454864516	0.00186742319064918	0.543045175702896	4.53228148391693e-16	0.145296986628301	0.969245113816863	0.398256992034627	0.527148393893563	3.1295986004061e-14	0.677086250968253	0.830005745016035	1.06191638145432e-16
Limb_Muscle.endothelial cell	0.037202571412416	0.837567720005254	0.871028407162684	0.95527649233077	0.00826665074749572	0.370077902450781	0.175394433215182	0.983336436942052	0.378487385175671	0.0953277393237383	0.719724124109162	0.370436491426002	0.777928633598806	0.293942523915539	0.00229983346821979	0.660661178830208	0.00997801383440314	0.811353473352166	0.588212199168622	0.978909190238671	2.9837803228172e-06	0.990115207469166	0.998845051790323	0.381325999413623	0.845708718182919	0.368547284959488	0.371805326823758
Limb_Muscle.lymphocyte	0.684814238737004	1.17705564962156e-30	0.639375366781609	0.999960958283241	0.777225093664745	4.47151752437509e-20	0.658608366451652	0.980919060108118	0.616707337855164	0.657058718257859	3.83601142097156e-33	4.49510595048366e-20	0.549472153667673	0.0639288733521782	1.91201800448449e-20	0.829334252151775	3.62001472212446e-06	0.7272567895031	1.94435199654864e-35	0.464950474615666	0.998805625326573	0.842399373387468	0.701905327057394	2.59646791011072e-10	0.383524016438891	0.611920729800705	4.46986126839661e-20
Limb_Muscle.macrophage	0.815481860081677	1.07597890894157e-06	0.991864014960227	0.999999669706544	0.991727836530156	1.31631517968446e-09	0.675421954025861	0.999988053186784	0.166102210153487	0.00738327527060943	9.91150715341912e-07	1.32627207399454e-09	0.969903049824402	0.000482776300850015	2.95783683349805e-06	0.999762227276099	1.77845377148717e-13	0.992395354993952	0.00012998339047083	0.142539567829571	0.999858368385783	0.995445848940894	0.996775519544324	0.000196806000704679	0.999722663512629	0.161956607642331	1.35876489282875e-09
Limb_Muscle.mesenchymal stem cell	0.545712541071761	0.999069484349827	0.998153813275518	0.991402934781697	0.979198211431374	0.822167281009443	0.876809804388394	0.985051835959179	0.997572604795478	0.994856946601153	0.997684795744677	0.822557725896812	0.869611901506981	0.993119162424391	0.999995061953174	0.830643973680291	0.995328450313327	0.907280085959425	0.991229175914603	0.999999999964257	0.0376530689322243	0.999581880754432	0.981984626100295	0.83811121247596	0.993747694841797	0.997757948340573	0.818346046445799
Limb_Muscle.skeletal muscle satellite cell	0.176252200141979	0.857835631051427	0.910707245713175	0.420960761931118	0.842747780981022	0.0985494982543786	0.799568694216116	0.646727408826778	0.953342256179054	0.902370364168373	0.76754238732409	0.0985965132418867	0.389387997535909	0.929342039011863	0.832340303304387	0.174541542483991	0.456727161270963	0.633816645351047	0.964865059185622	0.961685948855672	0.186509034164904	0.900383744401049	0.786440260214686	0.602071066283015	0.518298834092986	0.952200818664386	0.0989770564617522
Limb_Muscle.skeletal muscle satellite stem cell	0.252350535575242	0.80001422724506	0.903911436428523	0.559057056774166	0.761147676683365	0.112317742019573	0.884772453816617	0.728222471266184	0.932311667729012	0.94916747555371	0.637703493472333	0.112445918483348	0.307769125214898	0.912817894118329	0.663328808412617	0.417939697895281	0.279483633879966	0.86468866839621	0.932985680839102	0.964391143207287	0.252116250653033	0.898651165424381	0.707268501336914	0.696866283578628	0.560028559580367	0.930618566794767	0.112950427845464
Liver.B cell	0.74238288682777	1.35889373925823e-12	0.611750230942295	0.90835008590704	0.155094277116489	3.6685785784639e-08	0.534551910146373	0.973623295467586	2.1235259657056e-05	9.80157160351462e-05	1.79115510970606e-09	3.69244131321444e-08	0.768131133608478	1.99658119603029e-06	1.73514243520463e-13	0.790414737968418	2.99489760048648e-06	0.612015686288533	2.2723678712278e-15	0.0546565936095308	0.962209065495908	0.900246079260798	0.861914707487787	1.14773802602e-07	0.437019754985525	1.95221407062965e-05	3.79825084079618e-08
Liver.Kupffer cell	0.924944747201597	0.0531504507507117	0.999861120368223	0.999997476962237	0.963038178898631	0.0462356922925978	0.555039285997867	0.999973777985111	0.000223115924188228	0.0068191790161667	0.289105791103274	0.0463151092080862	0.897257451897411	1.57901098044755e-05	0.173743826674803	0.997782403735769	0.00237018800289356	0.835581810776778	0.0270363260091502	0.586671512030837	0.999878182636927	0.999725699922581	0.993932599023197	0.0977374277202875	0.998431988914022	0.000197379468551632	0.0466253510199619
Liver.NK/NKT cells	0.839002197608811	6.18142292391278e-18	0.589059225316619	0.990370200957963	0.698398115233267	1.22481257370561e-09	0.532497353965157	0.997914982965654	0.00425314258712357	0.150335743489885	5.44667689821102e-22	1.23275033551479e-09	0.904308244652806	0.000117495461254723	3.88838883303697e-12	0.989024194502216	0.000546244322976785	0.98449457478378	6.68092773538462e-09	0.059444952530215	0.999666412205932	0.997295382687895	0.987582169454815	2.16978521714887e-07	0.851625521649974	0.00425990073282422	1.26727291214732e-09
Liver.endothelial cell of hepatic sinusoid	0.350768748289209	0.773428074562181	0.999734380706674	0.997597251513672	0.0851099831205332	0.995808366320246	0.0619531239757864	0.992653573915148	0.0284722843166935	0.0447389621442047	0.782181163739904	0.995817245898979	0.993986496233031	0.0157279036607462	0.53550017969005	0.722425825689034	0.399196742558072	0.898104099411741	0.629534234634689	0.966169921033337	0.0150060402431205	0.964595884360343	0.926074068930769	0.875740893005815	0.881420938753149	0.0326252739570214	0.995847342064449
Liver.hepatocyte	0.946430740891763	0.939727325350253	0.914228261506378	0.998008851943391	0.635749117443421	0.999853551975359	0.340907213725108	0.999291412945992	7.05262002696341e-09	6.77436040340802e-05	0.983536980664432	0.999853598789397	0.468884532137129	3.04282586178039e-10	0.999923817415834	0.990324981537528	0.968001117628892	0.962594080607581	0.975644019109012	0.130995685980003	0.957866509808102	0.999679309826114	0.991604089117422	0.902901973301154	0.549305504119902	6.60500549215887e-09	0.999854451411394
Lung.B cell	0.257470932425853	1.38883958341613e-18	0.916185253168335	0.988865793978658	0.456273681804606	2.10529273393797e-17	0.658032636097795	0.892138515448976	0.422539328949129	0.0587178937492829	2.49749626409234e-21	2.125047272022e-17	0.836587807981513	0.407758236919303	4.28767311496256e-25	0.490077950984803	1.03062661473451e-08	0.873173913226512	7.55499327788404e-27	0.439676690962957	0.943562949491931	0.349443505854349	0.792187496969138	5.00266220007501e-12	0.286132085861403	0.42949657177884	2.17326994534158e-17
Lung.T cell	0.62050330382046	2.95546750546623e-26	0.141606414847837	0.958834525471996	0.834956889331298	3.34393322691725e-16	0.622140183091405	0.926243665254608	0.940357371491365	0.391414251516741	9.89924161930374e-31	3.37022191616737e-16	0.863305832542344	0.329962441565039	8.73748477425186e-23	0.633289723010655	0.00016145271402769	0.867047861507692	1.87227207061695e-20	0.0656750316213073	0.998035042673925	0.967013288170489	0.702974424566513	4.94190217209623e-21	0.770149808917987	0.943250590469189	3.51497468027867e-16
Lung.alveolar epithelial type 1 cells, alveolar epithelial type 2 cells, club cells, and basal cells	0.848876787485409	0.543719440778452	0.604934208190321	0.916868707226159	0.574432159146725	0.720544491302183	0.0527359549070477	0.935884602034816	0.546039598431382	0.217936130817777	0.838927428890055	0.720995357548126	0.976848392138029	0.343360349279734	0.892645435866224	0.684921250184026	0.961280289913908	0.454599028036455	0.224865266334315	0.916789571767836	0.181973950467568	0.687925036144041	0.618062661749617	0.214115849570174	0.315833537404879	0.552601804879073	0.719227540878893
Lung.circulating monocytes	0.51654897827251	7.74411942012267e-08	0.943436238872993	0.798709151524212	0.162028303626862	1.60903602834258e-09	0.556957364013277	0.75285949641152	0.319838502941827	0.000361497732965239	1.70151288557329e-08	1.62407884329812e-09	0.966991601863687	0.0156989655946683	1.34183152821252e-18	0.695436921388873	2.77640147438186e-31	0.563944560879193	0.00436328242479224	1.02082091950161e-05	0.967020201909956	0.882429500267709	0.954546305699561	0.000198190286557325	0.860656175200979	0.328125692725845	1.68843416408953e-09
Lung.dendritic cells, alveolar macrophages, and interstital macrophages	0.804165114177928	1.2453891140787e-21	0.82109483299928	0.999923203869573	0.919015179423259	6.13335586440465e-13	0.883761563338451	0.999685126643051	0.350474071114446	0.0816098288122507	5.21498583799227e-26	6.19066385223454e-13	0.976383673318666	0.00805418851089176	2.71980886082207e-14	0.974752555663227	1.86572515653298e-13	0.953193213770374	7.50356041444677e-11	0.12634482073867	0.999989682334819	0.727531278559554	0.958448566268704	1.19661207904322e-07	0.878107451004522	0.370876008510034	6.36308199014272e-13
Lung.invading monocytes	0.867091944028716	5.32628762767047e-06	0.990762271163521	0.999972685395906	0.924674497871906	8.27744746947904e-07	0.417662411420733	0.999943551868682	0.78773061680371	0.000963825998034745	7.00436432908904e-07	8.31734005458076e-07	0.952621184518559	0.0156200614742493	3.94975138372416e-11	0.99664445215451	3.77835394864531e-28	0.943709666072874	0.00347073510833178	0.000123966592484623	0.999835113384416	0.93055811660049	0.999265694412418	3.59258744084349e-05	0.999268201175198	0.78762190790158	8.30691914818695e-07
Lung.lung endothelial cell	0.299593782122722	0.901718337823191	0.933084622568947	0.920142877314696	0.00431274818293004	0.8731201539733	0.253356904585656	0.994668168349408	0.775961551182249	0.0286875033949551	0.819678479518493	0.873301949795193	0.936275156846135	0.338908552567351	0.0156530893852393	0.703857132802555	0.0341631824959296	0.45435765280537	0.234924508625955	0.995463089220196	2.6361136963431e-05	0.382990794758444	0.867934750115223	0.634324142479432	0.923059168633295	0.764100414940028	0.873983249882323
Lung.mast cells and unknown immune cells	0.856435546412652	0.0819440585261959	0.999978286636098	0.999891059873563	0.999337433283914	1.34514809042393e-06	0.718557514532503	0.998127971584955	0.90717460489534	0.342345672601896	0.22489080291603	1.35169412319537e-06	0.930961911370135	0.105790732848672	0.000289104723790972	0.976169450660069	6.74512530072432e-12	0.869785061939584	0.0516657379305972	0.0611837561239218	0.999999992830893	0.999970778876765	0.999853940970294	0.43074582696003	0.982367159725624	0.907334961090996	1.37996031780925e-06
Lung.multiciliated cells	0.911271083634263	0.99180190493809	0.98360927974639	0.871438769836398	0.852914676801729	0.999911681728318	0.441669304679439	0.385469277193083	0.998686405166569	0.994327648920462	0.929552255630637	0.999911877067023	0.806920982202202	0.925223706556043	0.995890503769665	0.928961151877702	0.994633051764324	0.906199864237002	0.927977264831199	0.515855674256337	0.999558066344767	0.920121898248861	0.900076204061399	0.916759625533051	0.520344270487106	0.998883008317753	0.999912228754698
Lung.natural killer cell	0.780566407600284	1.05704420802638e-11	0.901478054782953	0.982323452094839	0.987397037374282	4.71155326246318e-12	0.785743778960538	0.99996047697	0.896017043184258	0.955493875146845	1.60586214277885e-13	4.70939703757673e-12	0.991142965189353	0.252243687291985	1.7806430044194e-16	0.999503169388987	1.16618575569353e-06	0.999506006468543	2.05886749389973e-07	0.233855469372146	0.998984512449921	0.998749915682582	0.958971025302917	9.68368610933089e-05	0.946701925414675	0.903893092419753	4.81539336186669e-12
Lung.stromal cell	0.239161935562238	0.999889153889744	0.998781003923217	0.692783173966601	0.246976602605938	0.923746549126244	0.463189503437589	0.997452773555873	0.467350804394357	0.940324398325479	0.998980408317752	0.923966675334137	0.890183222785278	0.804806763338275	0.999984691359777	0.407060708397886	0.999498050075089	0.751157697759488	0.995073848624964	0.999999995639529	1.34755465051894e-06	0.990637452723213	0.965294111663119	0.858963639823605	0.890815660925395	0.478597952611745	0.923015815682288
Mammary_Gland.basal cell	0.559363284869842	0.993714341614588	0.735679502787357	0.787807879809867	0.948720216391275	0.956493651085919	0.652024042947575	0.307037054052397	0.980252077437738	0.74708819880125	0.974900544191538	0.956003965487302	0.97127601364233	0.587124636514007	0.999743718885542	0.0658463963145484	0.99912918381151	0.224732185444857	0.794486396884185	0.878013382078913	0.0713008129795683	0.593661919740944	0.535326858053722	0.944866201961747	0.85976611181146	0.978479111081811	0.955208751172562
Mammary_Gland.endothelial cell	0.0180392399591211	0.648057101913585	0.829628854261194	0.962252939749687	0.0374929148645603	0.213602427905197	0.200848614225294	0.974043058747205	0.519931052414885	0.156896770816006	0.760972479094778	0.213899976139785	0.833212545067745	0.125837255337959	0.000953167739830954	0.656510928463562	0.00335384071158645	0.980928948835913	0.375351819399474	0.97464217829098	4.21737203071278e-06	0.985853021209207	0.955313578554256	0.169294267509809	0.892173979593155	0.505519910076731	0.215179642426437
Mammary_Gland.luminal progenitor	0.487989608531984	0.548418918227528	0.916544094255213	0.970156901204424	0.979851578388472	0.835320525737883	0.132202525028826	0.983842931209979	0.633335582149443	0.862706830434855	0.990086151220701	0.835300910563223	0.99861598889856	0.168924671436963	0.999272666766759	0.503410383401553	0.975586138578839	0.964092295149701	0.336051653167059	0.239992660196946	0.776867563679033	0.990653637951413	0.910609281925603	0.861022428169053	0.619108624945933	0.620622832193162	0.834938045146026
Mammary_Gland.mature luminal cell	0.269173535725793	0.0161666909937896	0.153552967315368	0.418003777423341	0.294806667622179	0.894677032108358	0.290642842075229	0.883037200691795	0.0131831795076208	8.82654058623878e-05	0.189806097370844	0.894600823016126	0.669373606834861	0.000853702950065572	0.275098209031383	0.871125195957762	0.663476911277804	0.459586056140402	0.447890632344045	0.00136690737720661	0.145415632049414	0.253766226306741	0.968242800235469	0.28649226299875	0.262879657085578	0.0137402242282445	0.894876901892582
Mammary_Gland.stromal cell	0.188236340604664	0.997811149019676	0.99897018170534	0.984460231253437	0.886862827014686	0.705341890607245	0.6385329358623	0.97130176517158	0.987547306319365	0.98250271986217	0.996558842868573	0.705680148792506	0.974334860753872	0.981883388269795	0.999946096844366	0.861926035993475	0.99882958735384	0.893989923473825	0.901884868844545	0.999999999899463	0.0014413191277675	0.981015469343776	0.955579599924056	0.779051266521887	0.979185389300863	0.988363588184927	0.700008729175081
Marrow.Cd3e+ Klrb1+ B cell	0.220290635748273	1.48149783151796e-31	0.352821809481005	0.983707281798265	0.881470647998247	3.40697614977504e-20	0.849998038264479	0.967060694283246	0.327020578945507	0.155740198377619	1.63257980454063e-34	3.45072540921474e-20	0.452406802550695	0.0124825310033394	5.11217477563666e-37	0.84873924755766	5.25136359978597e-13	0.937901572732855	1.39125037464619e-24	7.23768053495566e-06	0.999886981679035	0.521036857716099	0.995905132398303	2.64376972439903e-13	0.0822792492003212	0.341020604755018	3.59291674774321e-20
Marrow.Dntt+ late pro-B cell	0.343721483226256	0.00222640028439583	0.0128296065684897	0.851290537741654	0.522946809494766	0.151947723618518	0.835579485975557	0.142897772305282	0.0423589621825631	0.697345287346002	0.000446337503238799	0.152179754561482	0.12893526288456	0.183201969994181	1.07086691987037e-08	0.205244546525366	0.000249254543687398	0.833444926181363	3.25120963242011e-07	8.52657480887039e-11	0.975803723195104	0.0406996488320238	0.828004334756271	0.0258141803050132	0.0124728060038475	0.0406077190750971	0.152680503392104
Marrow.Dntt- late pro-B cell	0.228058958251876	0.0148573477478117	0.0120861100631887	0.718919223786251	0.48173690131422	0.138563732576609	0.87187906213235	0.104457101582994	0.0243476916865705	0.589742046961998	0.00212289778547129	0.138592082660523	0.139132178896652	0.222149085817371	7.10289570015944e-07	0.0732429957597794	0.00302642559740013	0.78707799930544	1.08114346105674e-05	1.27833627458402e-09	0.903541897882182	0.0439028193694362	0.688742214469442	0.0217769486165427	0.0199250585928025	0.0230653061863047	0.138859589534757
Marrow.Slamf1-negative multipotent progenitor cell	0.77371947312782	0.02383244331142	0.0399614276274226	0.633588931830442	0.107765984745097	0.0168043740717424	0.971582512280156	0.736799765786154	0.0977451074916384	0.105944449433863	3.64265590080986e-05	0.0167381744707192	0.401663313661026	0.0212453634480514	1.06028021724273e-09	0.438838390639665	3.0606420309184e-16	0.470504832439865	0.00068760788249922	1.23999981101543e-12	0.529854745821636	0.201643363619715	0.498945427471097	0.0549369101358312	0.364048569106406	0.0961513207295805	0.0167520168646681
Marrow.Slamf1-positive multipotent progenitor cell	0.63956825551159	0.439877395169817	0.0977224210431142	0.592683118461968	0.162301533499436	0.340126876409766	0.992687122359072	0.445986441627422	0.0795371611064897	0.387705261454756	0.0349856604150065	0.339925559676845	0.133129633622106	0.28656933170807	1.46060341903996e-05	0.104665228121471	4.3900290648724e-09	0.677579143303921	0.0522609110744521	8.12255210894506e-15	0.584975824822862	0.18567554337594	0.549956012622792	0.484072243598623	0.191042405049859	0.0748699896920713	0.340699203255961
Marrow.basophil	0.198965726208779	1.9434927483881e-05	0.457484143616301	0.831182984049458	0.261687110517859	4.24773390065333e-07	0.60662717289201	0.942564710295001	0.0342296355716484	0.00350216282539796	5.25116757015987e-06	4.2494737812307e-07	0.430273515273469	0.0164082717944152	1.06636914277343e-18	0.839400307909549	4.19807188591277e-15	0.88349890988711	7.08708996950578e-09	4.37856320932799e-08	0.919814952928757	0.501443746799358	0.935652375033812	0.00116120883975722	0.214684147718976	0.0381086680910522	4.37676835856012e-07
Marrow.common lymphoid progenitor	0.629523614639749	0.173680700349195	0.0499486858053195	0.550985425144605	0.0976649051127353	0.241489624214351	0.981389110390382	0.371002097639473	0.026754152469069	0.494161953649333	0.00196374502655742	0.241427169912085	0.119328608791509	0.219148414241765	3.03851975121016e-06	0.383867913036052	3.27936537930735e-10	0.798764953540939	0.00828251750844787	5.08446370788638e-12	0.59524195439299	0.0815096094381419	0.443206378613773	0.160077902672006	0.324420832595077	0.02531292619407	0.24253046703899
Marrow.granulocyte	0.948618331308667	0.0272492880683938	0.982847670029179	0.978928589642013	0.997608912747322	1.41346460103218e-05	0.136876141868501	0.837147292502	0.668156194822168	0.0427173745874224	0.0374704010965286	1.42091828755847e-05	0.616149884520728	0.451897868414241	0.00181149289843791	0.915835280955412	1.31875403645723e-11	0.835098603829222	0.187671963703127	0.0606433746603485	0.999969143795463	0.973267488180763	0.981078805291035	0.348659926760926	0.894077740841601	0.673579366026118	1.4505710194869e-05
Marrow.granulocyte monocyte progenitor cell	0.430562999391128	0.0102011755650515	0.0326265805737696	0.793145517160405	0.516340228372807	0.0141134798111281	0.984335405349434	0.7185714433455	0.054971082998831	0.0737455391730256	1.05282639849585e-05	0.014100789857296	0.250893969345926	0.0505108090201524	2.05219675237293e-07	0.429004709567572	1.26692402086642e-14	0.948867638845121	2.89582864950831e-06	1.84152771917016e-16	0.993202766989605	0.386286335237178	0.775614945626091	0.0128943570328046	0.191835653536596	0.0527895596904911	0.0142042089820239
Marrow.granulocytopoietic cell	0.86887931334673	0.0617956411153817	0.518528307824764	0.937725055643816	0.993713228904349	0.0915073715120475	0.3883277549487	0.630032037126639	0.0894825121757254	0.0285655117879171	0.0268508602246293	0.0917868429026261	0.228145257813975	0.558809757146665	0.0670277887947137	0.921389589479177	4.34256727924598e-12	0.926130539914406	0.0768862984843167	4.48195776826714e-09	0.99949593477471	0.758925933009031	0.798952490758901	0.207723901147787	0.0775602473363701	0.0907263822033922	0.0923438087371229
Marrow.hematopoietic precursor cell	0.377664495565333	0.00308514983785347	0.0926475147693672	0.364909668493327	0.019826715769512	0.000531500274350832	0.975240032147424	0.381421132495919	0.269511137743601	0.105774504229397	6.02518908471148e-06	0.0005308393411225	0.57592791580207	0.0531768709830079	1.81111765184236e-12	0.322843064666627	3.73837445178743e-16	0.471336844436082	0.00336474610088069	2.55758725830433e-06	0.157986300817399	0.0447222350774322	0.500266844453126	0.0422344701423661	0.270514621485406	0.265459825804405	0.000533349531928075
Marrow.immature B cell	0.0162055615541804	3.29912557421072e-15	0.413205179933954	0.617742151294036	0.225027627502618	7.41558836880382e-12	0.565572719423017	0.582575203665771	0.225861197882594	0.105782637770242	6.58226578557835e-16	7.48994374934202e-12	0.69814133247006	0.145003579849398	4.1051970833471e-29	0.111583164369271	2.13150669059295e-12	0.544211511180977	1.6273509705171e-19	0.000122933248967037	0.681253466701515	0.00715332038715749	0.797883848288134	8.95113147111587e-07	0.125775304160879	0.226439977136757	7.7847250825994e-12
Marrow.immature NK T cell	0.687490227551582	1.09879519656791e-23	0.725188754811976	0.990982460695812	0.99472900121196	4.47261811887598e-10	0.843172604564399	0.999888115580263	0.849571572766844	0.583551747038123	2.46757896450029e-19	4.46235073717992e-10	0.932345578624963	0.359832652639235	1.08450349973714e-23	0.992045942403464	1.42906431774376e-07	0.996876149443637	1.0921379240102e-11	0.00301890445277966	0.999914016803565	0.987667992350404	0.996499559690022	8.68855543919351e-07	0.859144552261129	0.856414933128423	4.46677908793382e-10
Marrow.immature T cell	0.125510315954014	4.14378171400889e-27	0.0869509202902145	0.905423297828808	0.899497115087683	6.45970420619071e-18	0.729841173457866	0.9577348832878	0.597886529802958	0.340665818770285	5.44943171067155e-31	6.50132044823197e-18	0.638687517905103	0.429585361515519	1.86543609104099e-27	0.326074994125873	6.42010731534558e-07	0.66975904368196	4.91780358742757e-18	0.0118583425994541	0.997432037986243	0.673966226886105	0.9734384864394	2.98822489317865e-13	0.205793040889374	0.607962587778856	6.79714260251721e-18
Marrow.immature natural killer cell	0.795303518520999	4.92490969909557e-19	0.975395025739523	0.995914900748278	0.957158461408564	7.4532945330442e-15	0.775483134282847	0.999394086746334	0.750460775496987	0.431809237291232	2.09979077600152e-19	7.523637110708e-15	0.930792340432561	0.378980533439574	1.21133931135926e-22	0.999754317871324	1.52415324767369e-08	0.99963188206907	8.36736595972809e-11	0.0785994450858466	0.998544396570724	0.999212531143054	0.996537314154101	1.72602568058859e-08	0.920096456312961	0.763635935910116	7.84511684932857e-15
Marrow.macrophage	0.634623646069443	9.44670678013819e-06	0.414780191301485	0.424378747177662	0.179153804512115	3.45763956024677e-08	0.984408606485423	0.425186785766133	0.373205275131348	0.0226784913876794	8.52513723205854e-09	3.48922878483213e-08	0.243707308342635	0.400058158503445	1.42740092291254e-10	0.658938764429384	1.66898693177656e-08	0.12677733232588	4.16496409681511e-07	0.00116676823541464	0.637609095753177	0.365881412453857	0.557229845742028	0.0365527488566693	0.239886985967502	0.392024867023227	3.60713104007751e-08
Marrow.mature natural killer cell	0.2641348966179	5.27398742325956e-16	0.928524507844316	0.936314582636687	0.991124853038643	1.68435341025409e-13	0.908807956358747	0.994464269450385	0.612528091582042	0.591171504570839	5.62487743615352e-17	1.68005770289389e-13	0.830063534218176	0.254166092927475	2.07915945963249e-21	0.986802948351467	2.51287694136543e-08	0.99227972955502	6.45730436076426e-10	0.000556953240269466	0.998860957090666	0.939998747743176	0.947565301941699	1.51665818781088e-06	0.719358425823625	0.624620384210237	1.68431590126383e-13
Marrow.megakaryocyte-erythroid progenitor cell	0.561224735929918	0.284233839570861	0.111844195968158	0.541929718834402	0.20091627071156	0.549291144411814	0.952803360640082	0.204256905267429	0.0973294116878567	0.355502655180327	0.0121921683501538	0.548946310625787	0.0299267108023825	0.114318915715573	7.1258568753264e-05	0.219656228011347	1.41939408927709e-06	0.27570273837582	0.0975099024497417	3.0489743508894e-11	0.433906118649934	0.300213753939988	0.415580884448574	0.633097782848556	0.420520538655043	0.0907820345220513	0.549397917931904
Marrow.monocyte	0.667554941662873	0.00561743261946428	0.972274022543193	0.99994303236271	0.990365460543363	0.000611603932873575	0.711348104239209	0.997242489389128	0.5949789906092	0.00986482098492363	0.00112006573132693	0.000615784847561424	0.675815401708498	0.22593361722623	5.00696071937033e-06	0.940722189963346	1.27409903369745e-21	0.981956971032435	0.0101283827029282	1.38249510967142e-07	0.999965456270103	0.765569160524069	0.999581844400744	0.0705335804187609	0.929502088372756	0.599385086500926	0.000622041649970741
Marrow.naive B cell	0.161997561064635	5.42910827444204e-23	0.788244927967348	0.855251555422677	0.458066459924256	1.18054625571586e-20	0.475583713159679	0.668531482167389	0.363709413196696	0.0555622628285169	8.9352592339427e-25	1.19496674395947e-20	0.764923831308416	0.112523960900655	7.79457735905106e-30	0.0612981301081497	3.47241315762754e-10	0.260627472907846	3.2910450261321e-27	0.185583342683275	0.751996641647995	0.127166298824432	0.714183360721204	3.12162160682927e-12	0.153038503046956	0.367274084513209	1.25125009471958e-20
Marrow.pre-B cell (Philadelphia nomenclature)	0.257654297299068	4.37398123487839e-09	0.66993999732005	0.969868149046389	0.628432751049929	3.34336694152759e-05	0.676466729517328	0.43804048556095	0.931394520386553	0.672405521058462	1.53998368894199e-08	3.35894252553768e-05	0.944922579165932	0.30820610854268	4.55736013991796e-16	0.289775148013884	0.000774376230348108	0.804053940146828	2.21812634880535e-08	0.428340033824836	0.74842656245353	0.42309279806889	0.955813016276588	0.000407758648452403	0.45674379844274	0.928482013809327	3.42237036524375e-05
Marrow.pre-natural killer cell	0.6087964043589	8.41163262649268e-05	0.196193187994563	0.80485795841627	0.980465352329784	0.00113431178083695	0.966529222633267	0.639687713272694	0.0566017499430556	0.636611061614959	4.33717107940792e-06	0.00113266915300025	0.135703691155411	0.49569924879698	7.06836224316825e-08	0.851464983932189	0.00113515974042314	0.995251311604955	0.000713549396911685	6.47062668030508e-13	0.995875855933176	0.57819325581171	0.817457985962219	0.00897486788790719	0.300049276701665	0.058213417281983	0.00113998573248573
Marrow.regulatory T cell	0.683219470994475	1.7297274456397e-31	0.13937042751014	0.942775536509454	0.683537586187609	1.55957101226112e-16	0.568522542840141	0.998309959066457	0.504317628514565	0.659096435487873	5.68656880281137e-36	1.56258108933564e-16	0.552772637370047	0.194315566487879	1.19326429992899e-19	0.723019199046208	0.000958401963012306	0.912396443697368	6.20719464760437e-17	0.0982147832036648	0.833118498140599	0.814259344927498	0.969488722822858	2.03093314635838e-14	0.694667082596002	0.51360096690556	1.62374886250055e-16
Pancreas.acinar cell	0.462355716019136	0.579457358509162	0.395118039213311	0.0124724821099037	0.00598282178089794	0.969316039075841	0.122487558084432	0.419886042736737	0.178113718287661	0.280908213647591	0.848299261445339	0.968760236082263	0.154745127532392	0.554245534343076	0.85671825389383	0.581192973963165	0.986323472121511	0.734250365498038	0.766989134228174	0.399614147638387	0.26917822497335	0.975775709897259	0.288363084178682	0.458847304846538	0.0979412370475174	0.17854897020129	0.967867478614709
Pancreas.beta cell	0.791498019507701	0.99999986290317	0.000108941696599727	1.86541985752038e-10	0.0160064565653059	0.999997292433056	0.30328308228891	1.71238691463776e-08	0.731266102705401	0.928013988869199	0.999790906087395	0.999997298475903	0.0239478617281055	0.998245945364064	0.999951919968202	0.000343648078278226	0.999999977170904	9.38403884680205e-09	0.999994547190091	0.973214409835033	0.742485211426308	6.38781109962828e-08	1.31052754694974e-06	0.997249488068225	3.72572343505957e-08	0.74948517927396	0.999997351910135
Pancreas.ductal cell	0.362966744870554	0.749209998147413	0.201283891480551	0.669708008449133	0.0461104736969162	0.999709653321126	0.0162770967878397	0.556334080349449	0.439179825528127	0.557734868373584	0.993313582310074	0.999708369474443	0.715677072150086	0.54572939419885	0.998546859620311	0.266849521278199	0.999625458655556	0.246344781846377	0.984517070783247	0.995091966364239	0.0164841479445252	0.769473034269539	0.653510444040783	0.568682136674138	0.151797743177577	0.43534269920555	0.999707367490016
Pancreas.endothelial cell	0.183682594716617	0.959334112033948	0.990398066092623	0.690913408342073	0.000225144615134523	0.996503284805242	0.230447394911986	0.977221486016968	0.834612692495093	0.0389103863722183	0.975634241223847	0.996505939945572	0.804123565956253	0.636200911006249	0.0301938070484981	0.625077123804423	0.0365270483740222	0.444605560287295	0.783595334223395	0.885634459058046	7.22790347823365e-08	0.922937204119574	0.984288873885071	0.419574547602731	0.825741065767883	0.831139491424461	0.996538743685952
Pancreas.leukocyte	0.246675410657617	1.21966394180596e-14	0.971787603501556	0.9999070738372	0.379403606188047	2.62208235020641e-09	0.755770440966717	0.999854439112863	0.15284710274648	0.00261652259236922	1.40964127415329e-12	2.62037709974911e-09	0.739432369921172	0.113170176328585	1.62564287744477e-12	0.995205485111144	3.47345154077688e-17	0.957542517780882	3.45911722750036e-09	0.0268306097261403	0.990847079362721	0.974449755965468	0.999795107900106	4.84132850215101e-06	0.887398804918091	0.151459273084466	2.71906160436736e-09
Pancreas.pancreatic A cell	0.726919727647296	0.999987737569876	0.000466426941625179	3.19801105529433e-08	0.174117473082733	0.999904660688053	0.376159618845107	2.84799295670037e-07	0.960587475813039	0.984761386590039	0.999834188431352	0.999904746378499	0.00484740677302641	0.999563897012796	0.999999944476465	7.75502943569286e-05	0.999999992557539	2.59106948912777e-08	0.999691688673169	0.9997287860177	0.406716948486362	7.0637202375851e-07	0.000643530543180829	0.999086506293009	1.85075375312654e-06	0.964430185049676	0.999903532863291
Pancreas.pancreatic D cell	0.941643558734002	0.999999965473995	5.99033833451871e-07	3.03634699515255e-10	0.0752772165210429	0.999990666339949	0.10152685653867	2.95910018414165e-12	0.943957534889293	0.993842699455931	0.999995516708201	0.999990683421224	0.00229623863285187	0.999865429092513	0.999999999979726	4.57813253609319e-08	0.999999999999972	2.38731138943673e-08	0.999994169938175	0.999999337961628	0.428277642490126	4.13031027251738e-08	8.68123759625969e-06	0.994958412922683	1.44015318488299e-05	0.951064722362932	0.999990829848417
Pancreas.pancreatic PP cell	0.634579534255013	0.999995867959675	9.50544818386053e-05	4.54697294683713e-11	0.0234802551313083	0.999830657551584	0.20575238342461	2.18438708027985e-09	0.823969323182517	0.848106156184656	0.999959274124603	0.999831217074683	0.000474050792877865	0.999289300127387	0.999999977110822	1.2325517246605e-06	0.999999998972396	1.29597484695569e-07	0.999934413198698	0.998776505882335	0.317537483270427	4.44411402480755e-07	3.53312068906631e-05	0.99527223763901	4.90467572885518e-05	0.838146502701524	0.999830307213577
Pancreas.stellate cell	0.0639724641038849	0.99902658426631	0.99586388673314	0.287518681839102	0.00570087598354926	0.999440557903968	0.343382087412039	0.901378183127954	0.810349300983594	0.724842400041836	0.999281679958919	0.999443475058049	0.588635001523688	0.982736491815267	0.999900350197456	0.916860947969634	0.989593334191314	0.868743926876866	0.999262184244841	0.999999985468791	1.09199403554708e-08	0.970671874664645	0.832000290115994	0.922021664620633	0.82330724849932	0.813945241902059	0.999432996996549
Skin.Basal IFE	0.265797628347547	0.987948504226906	0.608667336706844	0.817964204707005	0.489446311093855	0.687178899850498	0.766671814045432	0.337308285979147	0.879785416542613	0.825087778840139	0.937359831150796	0.684240583828365	0.743365404892851	0.440904830723551	0.983586585038253	0.185384576847953	0.944085447458974	0.820872308473362	0.915799601814621	0.324461631569397	0.13120051841612	0.907782771286538	0.415487765904255	0.99123562452012	0.845797755538859	0.873007246151535	0.67902574652977
Skin.Inner Bulge	0.230042113874074	0.933994585164131	0.434559618534934	0.171469521100041	0.136790397867498	0.879264107617486	0.764380176525169	0.197897982076626	0.630968017377087	0.828064383647412	0.878683131686325	0.879156866560327	0.91973455639415	0.380953633112854	0.994881528993462	0.237589608814682	0.942348858709045	0.0694646417143983	0.950100658953992	0.976498819453258	0.248054696554113	0.186883733536899	0.624009162358171	0.949433990516278	0.876286628195129	0.630723393826377	0.878487334382517
Skin.Intermediate IFE	0.178505272603913	0.926464756971979	0.660519638517369	0.967752527823203	0.79210275099121	0.71522936647528	0.840831563028496	0.561720376577905	0.613013643763387	0.678621237318716	0.973467451625422	0.714132460160724	0.805701599824387	0.0339852245349372	0.951562935205269	0.504716273158294	0.88774867384051	0.7823466576213	0.904318371209093	0.00768459006959785	0.683187579604506	0.905105963878638	0.711812421377489	0.969433473167371	0.541538546080921	0.60427528080989	0.712468771134993
Skin.Outer Bulge	0.372479703698015	0.999447948236383	0.706819815365535	0.197583159933629	0.287273242996125	0.976130607984327	0.852538480352267	0.0833745264607738	0.484260350412429	0.865137710408062	0.992432094267082	0.975760023874023	0.942320691978278	0.856574147891602	0.998060142016714	0.152577012220107	0.993062881328549	0.0390548474622523	0.972685319084558	0.995438310651222	0.0925008442015634	0.117132536901885	0.337436191415173	0.991081662305613	0.78984088650369	0.485272409787901	0.975019872595781
Skin.Replicating Basal IFE	0.336047220397584	0.999973918592639	0.241787162462218	0.551896190275563	0.600465589230566	0.998906945233406	0.594345833469013	0.0344379126908061	0.132154801427977	0.805258165202245	0.99965129244352	0.998885430509775	0.0704914909836183	0.60005778191375	0.998887847161352	0.241428450857921	0.993117859684857	0.866405334386031	0.972497861642575	0.000140991419244814	0.342925536994449	0.652168271955014	0.166467427266157	0.999947384188915	0.535144711499409	0.127327487403719	0.998853230682388
Spleen.B cell	0.301537815349239	7.45145002682606e-23	0.853538790790378	0.900012871217043	0.438056842889326	3.25101610224428e-21	0.71145782175256	0.935902435624241	0.225288624561619	0.110439183118395	2.33648337594661e-23	3.29515999758995e-21	0.577758284203193	0.0774344168949248	8.20474821249929e-29	0.0470022741828572	6.76725199353685e-10	0.423215610107653	2.64494949254196e-28	0.330737766529214	0.737362226023803	0.291895942807566	0.801085708427977	1.48908088807107e-12	0.275311927911799	0.226014441908768	3.48001665829176e-21
Spleen.T cell	0.452336889924668	6.40293104641648e-31	0.218337210624614	0.941531182611861	0.658769886603523	4.48902257219565e-17	0.583201280143146	0.972121907015526	0.70151036508528	0.132473623968303	1.96156301051652e-34	4.52191918631325e-17	0.907366269506624	0.393785713336389	8.02104754711394e-30	0.545870092012918	7.45007827259931e-05	0.93142315468131	3.48274216124376e-21	0.0289001294063633	0.977550605931378	0.939311639552027	0.866620557540865	1.13056359293695e-17	0.513936997861322	0.70940237390204	4.68166463549999e-17
Spleen.macrophage	0.508338291594935	6.53346146831438e-11	0.951160944222109	0.966674525600229	0.922475112810557	2.76284254463973e-12	0.866957323800586	0.999607357157705	0.953261080109543	0.912145955428872	9.67712639626648e-13	2.76376697813121e-12	0.931107071782807	0.547972177245282	7.76466415057676e-18	0.999880702346492	1.46165765424334e-06	0.998636686844529	1.36529904499576e-07	0.18051251683885	0.993857529788667	0.995655484838393	0.976596448711834	9.55143537806642e-06	0.796025515869878	0.956410185727908	2.83903575444602e-12
Thymus.DN1 thymocytes	0.976278399173061	2.04605383135972e-21	0.753566555576011	0.997777239920516	0.992889741613718	6.66640063287257e-11	0.98607325438	0.999988904668795	0.469191236252902	0.482980012099131	4.66710627804028e-25	6.70356957070860e-11	0.916449992348152	0.356217007339641	1.56890719425492e-17	0.940713293367532	1.9379030805603e-05	0.992847363653147	6.81889387208009e-12	0.269669235913727	0.999880864086152	0.997270008741726	0.956820807975351	1.01015129237122e-12	0.846641826588346	0.474714587934691	6.78496828644598e-11
Thymus.DN4-DP in transition Cd69 negative rapidly dividing thymocytes	0.808701867242654	0.00305642827951403	0.014360776876713	0.512742974897137	0.726990784757084	0.120012522764372	0.789467506591243	0.289720521955081	0.00941692760167322	0.424684761132963	0.000170660531157646	0.119893234509245	0.395434793135037	0.643638579596162	0.000125995283410341	0.184184895917433	0.00256478649214045	0.264800964902646	1.22316305376726e-06	5.80631395653327e-09	0.886308564674348	0.0785598763853343	0.785787714524626	0.0259761501983852	0.0265667558314205	0.00935623028374718	0.119762647597799
Thymus.DN4-DP in transition Cd69 negative thymocytes	0.966414811896834	2.98037891599911e-05	0.513731199187731	0.618080755326304	0.876545176661584	0.00102307293940646	0.900726974320389	0.616920697316741	0.865302941490451	0.57022347419927	0.000109999956802498	0.00102522665561371	0.940730416766143	0.908254424773462	2.1776530895157e-05	0.319066102045415	0.0300480288294807	0.208153865676984	1.0587017693834e-05	0.633797381954045	0.958964635763167	0.902562767019906	0.849035556291548	0.00300037963724486	0.27336466028235	0.866189114069277	0.00103694983606027
Thymus.DN4-DP in transition Cd69 negative thyomcytes	0.935165102507717	1.11856130606614e-05	0.0121662950843511	0.253086415124147	0.617010852051145	0.000238077349740054	0.883686936118192	0.577958734352926	0.66557269523517	0.239722921938731	1.44654440388767e-05	0.000238134514588484	0.608495210267661	0.652415361872603	1.59446650903726e-07	0.0613485713622528	7.96468983323258e-05	0.061528433056629	1.62410082832625e-06	0.0236844909222258	0.82026559090769	0.169848395909623	0.405617228151806	0.0158889858649644	0.152987583719508	0.663714980103625	0.000241861490189091
Thymus.DN4-DP in transition Cd69 positive thymocytes	0.676538783505481	7.40995657260298e-28	0.0987376691609365	0.672263193842865	0.702671287307667	2.8830041793296e-11	0.780171653137193	0.676751130013216	0.384534932364334	0.0644872436453408	3.34525739176497e-28	2.89935913056206e-11	0.945346358228264	0.413393499536486	2.56556699646081e-21	0.323770321696854	7.96288525757189e-05	0.916807064484428	9.39659046657997e-17	0.0915391342160406	0.987894643904162	0.723765216193697	0.427369705298504	4.36734824881242e-14	0.446972162903769	0.392345095603455	2.94195644292924e-11
Thymus.antigen presenting cell	0.867908097591138	4.17810191643099e-15	0.993365533791714	0.992324279115884	0.193310510696031	2.42861202502733e-11	0.946703809887762	0.994666421877068	0.297704392956724	0.0158869933818095	1.01876321305989e-17	2.45367124078639e-11	0.708943940767679	0.00827027100203394	1.45912260840761e-16	0.799173330485588	8.17548273759152e-11	0.95004623576038	2.80810070956884e-19	0.46125287764203	0.657204965812742	0.782451880221307	0.981771263633982	5.76457510559236e-11	0.287008645511802	0.297509962436865	2.59222861006329e-11
Tongue.basal cells	0.0225777176633001	0.999415023859747	0.663254146200238	0.590231435527958	0.821217957805704	0.951645520611943	0.53173579057906	0.00738470804332075	0.879220296843088	0.690252919519072	0.995198685607415	0.950890660263873	0.86597392296795	0.700423307364711	0.999554690813354	0.494307543150384	0.988898738739839	0.382737341612196	0.99277381719157	0.00337039887399966	0.254613605368065	0.625010465271749	0.177787837898375	0.999963430823699	0.527842120232866	0.870709953137772	0.948991287135325
Tongue.differentiated keratinocyte	0.33204444221482	0.99984652410861	0.926047940720496	0.992903571026428	0.99754765118223	0.925814378647236	0.89766282200235	0.657052804548541	0.769188765980366	0.847359167276335	0.999950256165494	0.925585019609938	0.984936351418441	0.475389009576967	0.996731447265422	0.982764156299497	0.992734432803556	0.98280000499407	0.997966211923175	0.00133961227621608	0.964616398146398	0.995959467377421	0.972177452760938	0.999975793949338	0.666271076906371	0.757101722597946	0.924841573031225
Tongue.differentiating basal cells	0.270341640258101	0.994742109939454	0.946504413795893	0.833678510058817	0.989240141097325	0.768111648453526	0.956799519864864	0.335016721778982	0.720436530466025	0.948793645267849	0.999562564618692	0.767106017112957	0.932305853106043	0.758222614509152	0.999520938205726	0.963250086623716	0.958060172470519	0.853511140436518	0.983640643243992	0.0440400213146801	0.630337814129235	0.944984648108892	0.87482075626499	0.999871587024152	0.505692581743138	0.710887677498872	0.765896131542773
Tongue.filiform differentiated keratinocytes	0.156577024469804	0.970546842787591	0.979095448927684	0.260436329152463	0.507346404202609	0.682212773631145	0.986043414693029	0.153417249230183	0.661957525869934	0.575924905117045	0.974832684384956	0.680659572213528	0.273846494504055	0.841509509349704	0.992111509250837	0.808001801546792	0.740700552980366	0.696313953141813	0.999466614155677	0.0119236460821304	0.356979206726772	0.6624624001994	0.111945118570064	0.99840555565439	0.674465497387301	0.663491817535188	0.6784124552899
Tongue.proliferating	0.222906371935731	0.999997579425268	0.535910275224249	0.846463808464839	0.883835070029743	0.994405548926511	0.44253352193358	0.0489164834182855	0.638604587208458	0.786014477412247	0.99949534976689	0.994344361397119	0.679028340698075	0.752093525383045	0.999873527990902	0.770412499673814	0.996582781237126	0.882738399561184	0.992676251174092	1.90868083332339e-05	0.496069985426056	0.789546905030778	0.318377808357963	0.999967060845668	0.56474632979994	0.624939826788101	0.9941317549394
Tongue.suprabasal differentiating keratinocytes	0.654369394386498	0.978967869019734	0.953138196967497	0.908551807855794	0.891817198410773	0.780343723192164	0.976981135423207	0.78596585476493	0.488772490982973	0.870640567151115	0.998598167377245	0.780457072650046	0.831324993691503	0.779106817442884	0.945046739786355	0.996338983766154	0.849433827052198	0.957809520679889	0.981502042390328	0.0944349014268961	0.926750026047843	0.992349877447304	0.762777433226347	0.999518050996797	0.380505008862029	0.482537066649134	0.780890076229003
Trachea.blood cell	0.606326437027055	1.15234452823666e-23	0.799643727441731	0.999799988499724	0.826268716689338	4.62246501028136e-21	0.912278122901875	0.997797798479867	0.160169647279971	0.0069427843363337	3.85401591512596e-27	4.66592488772221e-21	0.741772685058323	0.00458539140116582	1.21520316394299e-17	0.663574090045657	6.56876671914395e-25	0.843189843350337	1.2988781040513e-14	0.00162921605023471	0.997305868761621	0.627066248758244	0.898767232147295	2.5260091870549e-09	0.936593844042763	0.151304588302268	5.01152700650409e-21
Trachea.endothelial cell	0.0112808458167415	0.440027306114663	0.615555882788286	0.661400214052622	0.000546965422901765	0.422912471607968	0.159327346115138	0.62430872333294	0.305484307151768	0.142440326774819	0.508890092066553	0.423221668817633	0.566671549992299	0.298261239403466	6.20945501307726e-05	0.262915160639735	0.000591699196344778	0.402756159095296	0.398839488340231	0.919072991322524	2.34803229831718e-09	0.644876417875559	0.925274102700103	0.259749424059975	0.686419758965711	0.29571914980763	0.42517503175534
Trachea.epithelial cell	0.754276977197015	0.55007093109994	0.968436382442446	0.0915948954731437	0.311752241788199	0.650339768504586	0.102741003605957	0.580637651913935	0.967017830827107	0.966248306101729	0.471133177538277	0.650261575569893	0.481551594120942	0.824218897407917	0.987381131396208	0.901668089752236	0.995520252985941	0.928568979978739	0.923459238651928	0.999891628220862	0.0175107538639702	0.76462084272803	0.334979692021622	0.580828655107529	0.123873287444182	0.966031040587099	0.651130113957649
Trachea.mesenchymal cell	0.151732888174511	0.999997482769928	0.99053813408061	0.45737242979671	0.670784461086113	0.953998498100932	0.77009858553974	0.762210653839293	0.965156968055478	0.975041481777726	0.999981811829294	0.954112167781289	0.364420353113299	0.998736952553325	0.999998477630728	0.501164899163812	0.999753832760553	0.4860181569858	0.999281786977606	0.999999999677793	8.13931692633681e-07	0.925829220042853	0.50287225660188	0.899417960582545	0.979226909515443	0.969230290160748	0.952915545023303
