cell_type	AF	AID	BD	BMI	Cardiovas	cd	CKD	College_edu	glucose_q	HDL_q	Hypothyroidism	ibd	insominia	LDL_q	Lymphocyte_count	MDD	Monocyte_count	Nrt_new	RA	RBC	SBP	Scz_new	Smoking	T1D	T2D_2	TG_q	uc
Bladder.Basal bladder epithelial cell	0.000314953795857455	0.989903326537291	0.95608954415705	0.806932395068928	0.832922939795314	0.992828494585484	0.146711514756432	0.644315036241527	0.885376502619291	0.852189858756074	0.999030146547886	0.992840731058725	0.084479680272493	0.852855040589272	0.999994403312573	0.352156251982029	0.999999686629755	0.83760547719547	0.999796283089265	0.372834117799754	0.686037225847906	0.514245454893031	0.317470814394385	0.999998348990761	0.843546684658001	0.886625366608208	0.992772310681707
Bladder.Bladder mesenchymal cell	0.183229085296754	0.999808346363116	0.821737447071851	0.0495849718626772	0.551636199611174	0.614760041279379	0.574148100748139	0.701106398037269	0.416447127392458	0.538734694100524	0.999762360381827	0.614895403868187	0.450018149284301	0.912812010939097	0.999967238578148	0.499418640492433	0.999394932917406	0.52935301311896	0.879101976896514	0.999986357314084	0.000264151089549767	0.467520019850567	0.17802860654454	0.708366905167561	0.909655494660833	0.419387852990225	0.613831227273046
Bladder.Luminal bladder epithelial cell	0.0673073495176002	0.948269998221608	0.863625930691659	0.973145709895203	0.797398076251079	0.991234321373259	0.492070598765844	0.960787215333652	0.855983538248847	0.843193545319406	0.997670146240452	0.991227216234028	0.178957406313811	0.496140634800542	0.999988191646363	0.886448308267351	0.999999815722988	0.942327755820149	0.998397339829061	0.397281209772701	0.923091673141304	0.798335680889751	0.671117664452122	0.999920769594475	0.924471497194614	0.855523208687326	0.99112173335703
Brain_Myeloid.macrophage	0.975618643833099	1.91165925152476e-05	0.944874311865692	0.999793689345314	0.81456536332801	2.23796098772909e-08	0.878988428262903	0.999755761261512	0.175211116722814	0.0130916911102757	2.72288782326213e-07	2.20211077118011e-08	0.485161251781291	0.64234844014229	1.84961939100056e-08	0.999980611584492	4.38441694134452e-18	0.997382444454553	0.0102116750794277	0.132816781919613	0.999742023755007	0.992117720941896	0.993981474054287	0.000554991533192383	0.967430383936752	0.175795493349243	2.33432310873162e-08
Brain_Myeloid.microglial cell	0.96634233184398	0.0412214550952867	0.968375382850614	0.979203381685404	0.365136276682699	0.0124894007527675	0.677486283515415	0.998253770627607	0.729556024013325	0.168299815187365	0.0157789660530894	0.0124724824268151	0.736796155163042	0.823183741786801	0.00243999087744933	0.998089323710282	0.000237285382094172	0.97718337037035	0.573008536670293	0.652311347820021	0.927152391673878	0.946331416998426	0.946680657186732	0.0453299988873269	0.906726028479683	0.730071676548329	0.0123815683501573
Brain_Non-Myeloid.Bergmann glial cell	0.741237787577946	0.999731204394475	0.000452603270069218	1.14871044623045e-06	0.938236807874127	0.998989228941177	0.694227664807634	4.19929425562713e-09	0.994378299767364	0.985838590867636	0.999997295577475	0.998987581633666	0.170034996633738	0.999957762911241	0.999994827827447	9.13822169425198e-06	0.999999981666654	2.0622253381653e-07	0.999999995232551	0.999999990402877	0.765617063490002	1.69992151397649e-05	1.04216251142785e-07	0.919929874561556	0.949271221009308	0.994470996931173	0.998978882611731
Brain_Non-Myeloid.astrocyte	0.79701160056773	0.994560773797595	0.000311116962295331	2.45635442957566e-06	0.997309330123298	0.992873460688077	0.610437987225541	5.5971005314475e-08	0.919113273092024	0.878509174859691	0.999745380004641	0.992865847670742	0.316833096907498	0.999921571827016	0.999985415817427	0.00109305068058395	0.999999818517132	7.2671048718577e-07	0.999998678489393	0.999999999173008	0.9030107108731	0.0019375003804436	3.78744743997699e-06	0.912621868361422	0.905192868465895	0.919636626367787	0.992827351199285
Brain_Non-Myeloid.brain pericyte	2.22583156449797e-05	0.998003397079747	0.0499967139397606	0.000481765292300699	7.97684502273146e-10	0.996983139505904	0.00280811004823095	0.00563175373021457	0.010790054439907	0.0194444126137408	0.991752226030531	0.996977679109876	0.0013720000968722	0.447841450950177	0.698245637189911	0.710162552849356	0.366190629170905	0.194405681304655	0.996335937839262	0.608514268760452	2.16918438663001e-17	0.84592422098101	0.376119398032885	0.998750667043393	0.882709842994154	0.0112718671875577	0.99695099349675
Brain_Non-Myeloid.endothelial cell	0.025049573893491	0.970135839287321	0.893993074769535	0.893123639283189	0.0488234021342233	0.175710209507668	0.36025317867089	0.917739629794205	0.150461427563149	0.398748338429823	0.97166126622165	0.175877384267919	0.442600250675188	0.396544099473855	0.191133452628675	0.360139840313531	0.440768337472988	0.634301078221	0.946567506097211	0.958539687557141	1.50905697815405e-05	0.890191795264111	0.632222161474125	0.724705526541414	0.962992259301588	0.152533862429346	0.175627050148963
Brain_Non-Myeloid.excitatory neurons and some neuronal stem cells	0.767720920516541	0.999999314583803	5.50416492209161e-17	1.98994412680252e-33	0.36468587535927	0.999952901797797	0.179679581098257	3.64466689674776e-33	0.82119541698371	0.851689373522218	0.999999992287669	0.999953349461612	3.54984341953813e-07	0.99999995422012	0.9999999999995	2.39878794944812e-24	0.999999999998612	4.22668034734094e-21	0.999999940601108	0.999999985736861	0.667619241804514	1.8662926582116e-29	9.96882758164886e-21	0.999447514971911	0.0630731625584425	0.819607482017813	0.999953728373094
Brain_Non-Myeloid.inhibitory neurons	0.628045891315337	0.999997896511408	1.33332968465253e-17	9.41795003859687e-24	0.328395571383185	0.999535002174935	0.0922650038500475	3.47187274407816e-34	0.976977054446076	0.931659026829229	0.99999966560731	0.999537039823299	9.66304630236468e-06	0.999999614824956	0.999999999999854	7.2059644404279e-22	0.999999999998103	8.36259325491091e-17	0.999999993913024	0.999999998277178	0.435209075355442	8.48700862637713e-23	5.08280102820552e-17	0.999932029841786	0.167748345351007	0.976887824033828	0.999537756239912
Brain_Non-Myeloid.oligodendrocyte	0.65278954076047	0.888688766834664	0.0213831603748092	0.00060144294455534	0.808154939761589	0.822693760115529	0.243043920474085	0.00182465730453975	0.388767359340609	0.450300238156937	0.960799495665159	0.822857015119623	0.00302890023099702	0.954543338264891	0.996963542902571	0.00343286156180624	0.923580781397263	3.43138627887873e-05	0.914879272597696	0.716689644084893	0.751292194410449	6.40184004972518e-05	0.000140217220890085	0.870471589745073	0.403069916901876	0.386092235607935	0.822722434356907
Brain_Non-Myeloid.oligodendrocyte precursor cell	0.902049773067527	0.999858708473187	3.09608776653399e-07	1.09286841425847e-17	0.836728779347298	0.999983929549984	0.484234118773005	4.48933575139577e-17	0.975131884558705	0.956790647493045	0.999999981693212	0.999983966134106	0.00623892732933787	0.999999606023277	0.999999999990879	1.76577222855677e-12	0.99999999999977	3.8074330061337e-15	0.999999921753033	0.999999999937285	0.802509647353352	2.01545222587565e-15	1.95252400402672e-16	0.966153365320314	0.66007499323308	0.975492379478167	0.999983887982238
Fat.B cell	0.781736308743437	9.0934070149381e-22	0.94895421451414	0.998019288296275	0.570030676676237	6.85570846574922e-19	0.76356315629112	0.92729641238906	0.587734699059382	0.174578435825617	2.2079339677579e-21	6.40637805350665e-19	0.578409858061044	0.200197179090706	2.6039710450847e-22	0.429403450294535	1.15710642560005e-07	0.490403110653791	2.73030895563069e-27	0.648892642747739	0.957453478755144	0.838180156583038	0.855603035169506	3.27072590138204e-15	0.186148036616013	0.581971387352913	8.50534222257712e-19
Fat.T cell	0.447234851842777	9.80736476450793e-37	0.219178433138687	0.993211254768616	0.715364122142446	4.13605448771868e-24	0.884800477123887	0.90267738636286	0.992124707341577	0.588392585521907	9.20337903167928e-38	4.09090519849535e-24	0.818130056643023	0.717782080950069	6.17744430438845e-24	0.593556370199142	6.94103728055328e-05	0.90061321808697	9.00030139692601e-24	0.0628515992137527	0.998273667509909	0.946171290760146	0.970079359686326	4.94150076584229e-19	0.833703661235663	0.992310992535244	3.85542899324109e-24
Fat.endothelial cell	0.0711642585118355	0.950720708914907	0.90553767933353	0.905143955439644	9.76619497392753e-05	0.715215613547012	0.382538173289581	0.962198489367659	0.101829857558907	0.00846599317246763	0.904572849797225	0.715191893855956	0.922277205437174	0.310580792844644	0.00445319132311398	0.723113700186081	0.0471386659569596	0.880416457581978	0.726526048781853	0.988181270346587	4.76239446359772e-07	0.979366795960949	0.990942849579742	0.51428643113654	0.895817296837706	0.103062433407407	0.714575369204636
Fat.mesenchymal progenitor	0.195271628031306	0.999723844267445	0.966317846834361	0.605452646221318	0.630927391701804	0.753929950458434	0.812633898444107	0.98128621512782	0.573066881393822	0.816505522070158	0.99940018057536	0.754175567546639	0.83294967836778	0.92935948889363	0.999998508690765	0.679540126730154	0.997645066202102	0.860242645255039	0.971209751635504	0.999999462502209	0.000102685807690487	0.894467221977373	0.901099520254384	0.875505822473172	0.972975678723708	0.567617325789572	0.753611198289216
Fat.myeloid cell	0.96668985089986	4.42956918277378e-13	0.981434002083721	0.999999944889048	0.990264949796825	2.20915518995042e-17	0.822860659133496	0.999834388279539	0.433070388478352	0.00255428977195656	1.17937605124509e-14	2.13332282553135e-17	0.987382141019736	0.00113219203587613	3.43721351706478e-12	0.996688133636092	2.4634536720946e-25	0.98207598693732	6.58683889422009e-08	0.0260178849406515	0.999989636196817	0.993125763822411	0.997055587758399	0.00014627865325869	0.9945348827032	0.431959182799708	2.36883160507925e-17
Fat.natural killer cell	0.961026348230953	2.2694599769665e-13	0.981352708857387	0.999782072426965	0.991069185281795	5.66760775918418e-17	0.962427999647629	0.999943892237408	0.986413150199418	0.970061430805786	2.00287729133664e-14	5.62663762839104e-17	0.968560839049705	0.572491103760903	1.06608355024426e-17	0.999953847174665	2.56810320324261e-06	0.993977945412037	1.18025571025748e-07	0.607316213431408	0.999815569343341	0.999939223089264	0.990207372026146	9.44038192511366e-07	0.964830630790447	0.986408048088484	5.40964233441828e-17
Heart.cardiac muscle cell	1.37451188388599e-05	0.999314773386698	0.699897461430983	0.548048044998574	0.0370898011709307	0.999523945538865	0.0351141065015289	0.56287975259698	0.119695050889814	0.532011775970767	0.999711104368426	0.999525780219057	0.0376078488414605	0.618824946559438	0.99672246944149	0.673177822052448	0.997944847068486	0.861703340045299	0.999994327671997	0.770218312028804	0.0554822210512939	0.781809130174568	0.466192507578907	0.998238664745344	0.0847895754364377	0.121424546320895	0.99952624853607
Heart.endocardial cell	0.450312605674406	0.9992818260287	0.806495410747357	0.970159519071163	0.198262960862272	0.998405487509915	0.637882582003366	0.99997769214469	0.246860313856443	0.356228670050676	0.999924735324138	0.998410721099331	0.940505215377617	0.190324301179457	0.992717660503282	0.95116433600892	0.877765069600772	0.96709222323547	0.709935059906939	0.993207108130649	0.00145411231919969	0.987507048237533	0.950749845153861	0.823512986135094	0.99588077851047	0.249114690955292	0.998413475691729
Heart.endothelial cell	0.190490669446345	0.993492916180133	0.993501730358008	0.986599401911688	0.00321035786664576	0.962334753428128	0.405183515221944	0.964567073440034	0.51555665919194	0.107135522247585	0.981274135912313	0.962313049653569	0.900253329904994	0.668495198839864	0.0398550112181698	0.762875186755082	0.297689454075618	0.839487248866531	0.825952089152258	0.991549298803656	5.58601292901122e-05	0.975052417574262	0.995599406467166	0.679564776599139	0.730185923519884	0.518794479736711	0.962173913044524
Heart.erythrocyte	0.949034603562219	0.999983601847959	0.983385698138959	0.163912092562528	0.883805818773179	0.998321597740275	0.173783677254306	0.0992224597985257	0.975650670708876	0.976729946336677	0.999985063032499	0.998313557466985	0.414469779675225	0.99474453999636	0.999999853061024	0.0457941389639642	0.999980299025411	0.291775444233581	0.999893144159396	0.999999834573624	0.808839838674757	0.520321891530502	0.389353711514548	0.959552035265795	0.372285626523587	0.97577418431308	0.998338944971631
Heart.fibroblast	0.719664006441476	0.999997778934826	0.990348672442527	0.932875033317578	0.63678862136393	0.999876720170822	0.688674123772645	0.999992143764288	0.89166189613191	0.998327156433699	0.999999034848941	0.999877222720139	0.906431437047902	0.988842941791915	0.999999999097365	0.898191760180516	0.999997998767172	0.98745895206219	0.993038758191003	0.999999998301465	0.0015077985266253	0.993596712534515	0.987113382792595	0.946706363127129	0.938330336903884	0.890298895047456	0.999877241322523
Heart.leukocyte	0.898789774453679	1.16086375496334e-06	0.985734467089682	0.999998254034814	0.950609367898377	1.46577869228385e-08	0.739306590564434	0.999980647083005	0.177451091790185	0.00453173414890504	5.694474048485e-07	1.44626215152417e-08	0.930255641414344	0.0223538822365007	5.9467518552287e-08	0.999871357673621	3.30105900243447e-16	0.986831042133538	0.000308646221797164	0.156545540325835	0.99867735897864	0.996155104348047	0.999879939644712	0.000995771287147174	0.996185154822371	0.178670979513837	1.52381502135609e-08
Heart.myofibroblast cell	0.0766314376247349	0.998669757849054	0.936589877751709	0.124254403381045	6.85291186628249e-06	0.999782471815427	0.0217498504670196	0.751617475490517	0.0321521809460936	0.185210277244695	0.988341472042932	0.999782284304439	0.0914960464568255	0.651214654293337	0.519241796608263	0.582521467780127	0.188776061475303	0.76920287992476	0.978753474790892	0.995860688544257	3.46322881137686e-13	0.950723083023445	0.600630169344224	0.974517968549223	0.877819582756371	0.0330729277198088	0.999780944496473
Heart.professional antigen presenting cell	0.768648533376633	1.93803507071493e-13	0.932876010564961	0.975139500557256	0.984761199178414	2.03639598086393e-09	0.98475516135241	0.957011157460012	0.686433522622367	0.541914206408617	5.23943005770133e-18	1.9661429362378e-09	0.856071404441731	0.519422342698274	4.97946932955183e-08	0.729432036194694	7.90361999056462e-05	0.931912126814026	9.06394886801939e-09	0.706137578112238	0.999474678670446	0.72216311314964	0.952738651491223	1.28990782730694e-06	0.794825368492856	0.684413192525635	2.21148100046455e-09
Heart.smooth muscle cell	9.42581371702122e-05	0.999048357135387	0.546645802506008	0.0274551427440164	7.49028715000213e-07	0.999376697599151	0.00321200761343232	0.221934889108043	0.0903273578729061	0.184721647741367	0.9961949521371	0.999378124896094	0.0053124756642262	0.799306529403802	0.906529922395745	0.754843354555889	0.799930005839708	0.721911983143638	0.997749140642267	0.978137167018995	2.7361501449356e-12	0.915787474931666	0.434113736308971	0.997798406203443	0.927551451915573	0.0922394036299783	0.999377982014698
Kidney.endothelial cell	0.203735765758408	0.900508435010627	0.988258520361388	0.974458941135397	0.00202502947762549	0.862314121157978	0.264060719281012	0.99910061136966	0.568207824174525	0.204307014491229	0.899189385313384	0.86225092001838	0.850719950457378	0.460446860331461	0.0801679333321221	0.75137556757137	0.204195318724242	0.773597879153868	0.20917313085894	0.999489333708087	4.83680604239109e-07	0.914259442244588	0.919478692498831	0.372541074923552	0.958198048548912	0.570025444321734	0.861806499990319
Kidney.epithelial cell of proximal tubule	0.769178747135574	0.741317228324097	0.91441427431692	0.998283360669961	0.922962352799878	0.790546783075514	0.00477932598308058	0.997597419560074	0.226021093282626	0.626337727124128	0.939052634317378	0.790487931578528	0.673720242192491	0.234205046073541	0.97529490016521	0.879155005943565	0.754771386387075	0.958308254520391	0.892869141616899	0.82801677578145	0.984815659518172	0.952842981572168	0.991405905843766	0.733475202484808	0.807786100765309	0.226239422511866	0.790172603864922
Kidney.kidney collecting duct epithelial cell	0.939571158781107	0.339279972146769	0.697152089113913	0.420404508409863	0.00997547995133727	0.996066742487859	2.317976292819e-06	0.938511755238684	0.929183038327955	0.827628130931424	0.790374379259715	0.996065449001312	0.439771234375059	0.749637032814515	0.903768404337405	0.795127515278023	0.955430680155269	0.982278041597304	0.919900333355682	0.928290054207112	0.0171571729144643	0.842351705107422	0.933412564134354	0.871457372996456	0.442286980297573	0.928695228632577	0.996058497842644
Kidney.macrophage	0.807429027728821	5.07319369076237e-07	0.973163778921605	0.999977570833395	0.932447912949136	3.10013870406615e-16	0.476137938118252	0.998525411019881	0.19852170253376	0.0707901364576032	7.74948488863788e-09	3.02009716454987e-16	0.891132537786011	0.238988478008689	8.40117959603513e-08	0.970692096953483	3.36208629671923e-17	0.855415805995118	1.84327895793542e-05	0.245172143530635	0.999657250545101	0.994507420671331	0.999463566976508	4.87633073302103e-06	0.958511746610953	0.19810404591947	3.51668737260707e-16
Large_Intestine.Chromaffin Cell	0.665342040334046	0.980998778382736	0.0907898098277187	1.7131598649423e-06	0.00310995440749278	0.996963989932487	0.0999945229887202	0.000600607315874575	0.396360405027697	0.679840447666805	0.999731922154793	0.996985669345901	0.459659896050967	0.629083313832321	0.99995981158711	0.00529572887136242	0.999961694919546	0.00205912616386284	0.998886257013095	0.999648511642488	0.246815710484557	0.00692315385316752	0.0565781111859033	0.87625029172378	0.0171163514811119	0.394739069025738	0.997004548756271
Large_Intestine.Enterocyte (Distal)	0.951129654580554	0.594257396496106	0.6063225315526	0.999956694969519	0.815456637008873	0.886002992107371	0.608443384255816	0.989443994029191	0.906916359839296	0.957734262255071	0.978318356409159	0.885911955404585	0.996484412354234	0.019869775809613	0.876418380980381	0.999879523517338	0.873484294116565	0.999436395936179	0.860530531494908	0.318534737753364	0.627985886972476	0.975400104784607	0.827006537769759	0.666747149212745	0.976633280331555	0.907921714457465	0.885433147886236
Large_Intestine.Enterocyte (Proximal)	0.883718308821853	0.437519923175768	0.584833434268215	0.993840498810168	0.492244526316192	0.747886716023013	0.66419337879368	0.926992903146614	0.266986890948102	0.299801715060835	0.8747297820005	0.748117789414592	0.996530881609714	1.05855464563393e-05	0.619248227939181	0.99792723916112	0.687697613615329	0.99407176137288	0.851372917911558	0.0207839426814713	0.732694841822832	0.76271308077553	0.953054410619249	0.601327688882151	0.682985346249176	0.267303659769281	0.747776598559153
Large_Intestine.Goblet cell (Distal)	0.903577210135441	0.745367870809966	0.497635157215718	0.938035140632239	0.752382933771704	0.996943838777567	0.280973280458259	0.997349391406377	0.236213448879632	0.291663262438051	0.981039975905923	0.996948086042881	0.74485673668456	0.000906152254706145	0.99676408537832	0.99994240624999	0.992100144336284	0.965928497845993	0.798442141114402	0.00818914409138166	0.853506465250882	0.851062677988732	0.807581010542312	0.791387953295009	0.418185399753737	0.237844444702596	0.996917974509459
Large_Intestine.Goblet cell (Proximal)	0.763601349433092	0.627766560930123	0.698311605108177	0.474033340678738	0.112897832135905	0.95997013347524	0.201563030638671	0.843905277382908	0.252064269221311	0.1944699646932	0.961226675236282	0.959901353994962	0.613433020874546	0.00304835146438066	0.985325103928245	0.997168934989566	0.970199571555223	0.749183810983395	0.896660798333831	0.0184912678502415	0.418250505059611	0.559455280145676	0.456103551009155	0.813741932331947	0.0876043183931633	0.253357115131219	0.959414291249207
Large_Intestine.Goblet cell, top of crypt (Distal)	0.888043289053041	0.352199083730905	0.538522068047172	0.994595594438502	0.728310689693795	0.928581702037006	0.36843979847219	0.958800769141415	0.946334259097809	0.973436538093883	0.935541601136486	0.928523401152356	0.984932280842833	0.177005770482273	0.953557529989028	0.999438602269207	0.968478110556942	0.961138612740036	0.773484031074015	0.713365289589965	0.653266175259686	0.989443307116213	0.953950431195558	0.489275382386179	0.698703993543219	0.946854495386917	0.928241220163644
Large_Intestine.Lgr5+ amplifying undifferentiated cell (Distal)	0.898617403019844	0.972191774220189	0.787817399023953	0.81095370550594	0.610419031123327	0.999990501017803	0.0322940907532211	0.996940602764253	0.134703402909056	0.377024238350221	0.994742955361696	0.999990582550245	0.654255776491429	0.00707055030689971	0.999139536768358	0.995849651953539	0.998944060022704	0.976536668743067	0.951658879030415	0.0114786690962961	0.902566824590068	0.954850510506345	0.738725075133929	0.799360301014111	0.0861708180145876	0.13619201545065	0.999990511366454
Large_Intestine.Lgr5+ amplifying undifferentiated cell (Proximal)	0.618891237375369	0.995878297091205	0.720605277263887	0.853251251513515	0.561576215473243	0.999964666935848	0.200345590182311	0.993110206240339	0.213580035938948	0.737853913005743	0.990708529146479	0.999964908362223	0.775677810250255	0.000964470004465493	0.972703675203277	0.951756516082787	0.996820065596665	0.973552567147584	0.940845347536132	9.44360963179104e-05	0.805430082528404	0.851236669165741	0.809803112517816	0.874619053762188	0.0525743848768503	0.213189111242609	0.99996460672478
Large_Intestine.Lgr5+ undifferentiated cell (Distal)	0.713370647560925	0.992860284017117	0.738896744544166	0.950872290663915	0.903216297373109	0.999993817283618	0.100222665980846	0.997407047453677	0.269211600954646	0.561922358849526	0.992729679517123	0.999993853786318	0.878928228311986	0.00199686972511574	0.99985351513993	0.999564202246742	0.997713491781148	0.997277197220902	0.980872252138827	0.00630638394559651	0.919891315186631	0.980027915786797	0.809374705853385	0.84177135962355	0.255172503036855	0.270700837503148	0.99999378745734
Large_Intestine.Lgr5+ undifferentiated cell (Proximal)	0.624780070116558	0.942365266300329	0.890307422554938	0.945013543138191	0.589357125418696	0.999425250798422	0.301438251428195	0.997380165104957	0.508404614425165	0.750807211205852	0.930065842379606	0.999428591820219	0.967037909289379	3.29917494564485e-05	0.983529766937251	0.994036773714513	0.996725203382605	0.990816623959514	0.924693707933062	0.00389750451973862	0.771039915852501	0.940635145765719	0.910646412665018	0.84890399330804	0.220358220398836	0.507134349282628	0.999425509912917
Large_Intestine.Lgr5- amplifying undifferentiated cell	0.423386965298227	0.930827313354942	0.908557991974262	0.367742739563949	0.233854947116647	0.946965647407179	0.0724296969765849	0.819196987275473	0.388923546078497	0.966547092585056	0.845638370377469	0.946935322500153	0.955616306338206	0.00497267646704353	0.816472698762254	0.897150261544808	0.989304235676968	0.971640952922388	0.621560463292699	0.035258203372686	0.143110659665028	0.987671492636165	0.529185655905215	0.465956067158036	0.00861488025010023	0.391582136975692	0.946619202494991
Large_Intestine.Lgr5- undifferentiated cell	0.821730140114756	0.424366804501821	0.932399045028015	0.467656695796587	0.335059350030358	0.730064128560258	0.135053156522062	0.885861047303413	0.90358500005782	0.990802163009282	0.557089368434908	0.729894249444099	0.915238230948424	0.038112717750472	0.548129257255565	0.942603736045595	0.971973589065519	0.991815973591045	0.650121378780793	0.710190868705327	0.180192774509256	0.99424291481243	0.276454475447828	0.509668783788465	0.00398134731488835	0.904805573810016	0.728980174852754
Large_Intestine.Tuft cell	0.133303768773048	0.00562507594298782	0.251021830677355	0.00271240550449262	0.00146144445888552	0.000594901175032838	0.00809883079288892	0.0654615367951765	0.0206172226963237	0.043205543840125	0.0213874209560726	0.000596046589658884	0.492495878539883	0.0120965126617733	0.318399680020151	0.435235403236751	0.195160827005949	0.42797455938198	0.00349048680982113	0.078155357334368	0.000804851161797401	0.000605585559540364	0.0221940545075576	0.000231080897143717	0.19305849602407	0.0205180928586639	0.00059368336085923
Limb_Muscle.B cell	0.54419702252745	1.91498517758233e-21	0.722019478972905	0.971960922424929	0.488600526196942	1.01016498874834e-23	0.752357708582791	0.822424824876986	0.241781105293103	0.18640526800919	4.90825416040821e-22	9.66450453558222e-24	0.473758775574598	0.0469655001362467	4.66061863126543e-22	0.405165171258474	4.43811622771603e-08	0.323222006788268	3.05324268160851e-30	0.10357756428248	0.904118434074629	0.183064221977575	0.642932415822683	1.94526775387937e-14	0.051397981841181	0.237657094658752	1.0904423866526e-23
Limb_Muscle.T cell	0.340519259271267	4.72648399724751e-29	0.0313161618704562	0.985999789828754	0.327968492492489	1.27167516038844e-17	0.243954171707485	0.917462102201938	0.844037072546739	0.871033205772913	2.87027807418051e-27	1.25865332197945e-17	0.687669647546177	0.43371363716252	8.43959127274111e-16	0.22054186150718	0.0013128777119533	0.491296311940391	8.05833904228876e-16	0.110330006972124	0.963217142967836	0.475980254417131	0.767693883130875	8.48191212151001e-15	0.563820462967578	0.845981803693012	1.19054398082113e-17
Limb_Muscle.endothelial cell	0.0521200981375722	0.771127443965597	0.818947332972752	0.923064786450602	0.000546370511892909	0.202886796818504	0.156191288050729	0.95782666880255	0.376571569825991	0.0638188949861108	0.653479437558375	0.202793446254417	0.812110674664881	0.330631025618858	0.00205555020247113	0.756773707516962	0.0127127970836428	0.873293632053489	0.522130875365348	0.989746679047644	5.18891407402847e-07	0.987619221442268	0.998776813787385	0.31947468920544	0.822494413684834	0.37701592878513	0.202116419164053
Limb_Muscle.lymphocyte	0.783217368846484	1.43791507316843e-26	0.721416987135886	0.999998756308643	0.842011656369118	4.87747669704369e-19	0.777831105423721	0.973272208257415	0.665023873702652	0.73377622549439	7.80114943606581e-29	4.73256576948999e-19	0.506449295613262	0.0520455107162238	1.85414674816071e-17	0.871890681486395	3.30194786396784e-05	0.757256541708152	1.38934732147541e-33	0.719279037492829	0.998955453060985	0.958578497986445	0.867718328488895	2.4226522045044e-12	0.321285493375332	0.658836840211401	5.03261579708294e-19
Limb_Muscle.macrophage	0.930646377909134	3.84971555828359e-06	0.981509432215321	0.999999779578682	0.998707558944765	1.20438991837974e-10	0.559720188537464	0.999988587355843	0.283373168799984	0.0234343827463735	4.69272381955058e-07	1.19254979170319e-10	0.988967632142673	0.00115872947028808	7.13577984212637e-06	0.999972044550854	3.38510667704665e-12	0.996159893055858	5.34705878976147e-05	0.350901532093207	0.999903328241694	0.99843438956695	0.998950226835496	0.00243973883071506	0.999761738508198	0.283311348247666	1.21151727235478e-10
Limb_Muscle.mesenchymal stem cell	0.60789913453373	0.997303588119226	0.995617716264977	0.955990092809892	0.951913281217122	0.75386516538659	0.762641077494111	0.975619722554384	0.995790576757904	0.98294496919123	0.997790610682433	0.754262010372067	0.821344023482666	0.984407871235422	0.999996406588098	0.750373096543608	0.996462597100251	0.962782374587417	0.968706558281846	0.999999999757895	0.00474704695974019	0.999075268993576	0.983855233454343	0.777058149553374	0.994720623234914	0.995736486990324	0.754341870244858
Limb_Muscle.skeletal muscle satellite cell	0.0750761511255383	0.92396776351195	0.90343484392739	0.399070668862737	0.790331434423108	0.041151988705595	0.679334512710596	0.748126571863199	0.966817110907249	0.896860587524727	0.715754120142187	0.0411048832339112	0.395295884978974	0.906774077204753	0.821352042467848	0.263314103366901	0.488866449359381	0.865925244839791	0.966048212843263	0.947283700585511	0.106004707756458	0.760865669480217	0.79091969592612	0.555092823181608	0.533266039386276	0.967057299993997	0.0408822673546356
Limb_Muscle.skeletal muscle satellite stem cell	0.142487417796104	0.903415571382083	0.906455231364187	0.538287879021043	0.711100842753416	0.0583697781756354	0.832287546802569	0.819265425010096	0.930606736030266	0.930636757076546	0.554972183709763	0.0583873105720398	0.30630095360565	0.900188731272909	0.66282601227392	0.576749539018907	0.353749894772068	0.956643091355255	0.940380676388863	0.961138676056742	0.171215606101208	0.745726355569486	0.694936290409485	0.745913956429987	0.54128769110188	0.93087550960361	0.0582593197290598
Liver.B cell	0.84582070997032	8.99093619169456e-12	0.620201966894562	0.9908265139657	0.302282043608304	7.19549148711262e-07	0.65813612350922	0.954615532451133	2.84106703899144e-05	0.000217057723801255	1.06384595991118e-08	6.97092597842974e-07	0.725776295901301	2.9858034473825e-06	5.99310328383829e-11	0.780354240885765	7.305187249146e-06	0.786511460520018	1.39505729316265e-12	0.139919973717984	0.987992397213163	0.986422729373525	0.943705174381521	1.81337384451681e-09	0.367159269390503	2.84195603883137e-05	7.90865485298173e-07
Liver.Kupffer cell	0.979866332462764	0.115424008600385	0.999177351222391	0.999996205393026	0.988096066182258	0.206983957899673	0.480930256409659	0.99997737157478	0.000271399861753489	0.0223361087390921	0.330499255682706	0.206834939811857	0.943305501273821	1.72156096093146e-05	0.221855903123791	0.999062194853607	0.00418867156539351	0.944522004392185	0.0657259097035909	0.641349532046115	0.999908277089677	0.999936795783082	0.992509599459014	0.115453552179983	0.998801040437688	0.000278521514117649	0.206572768420991
Liver.NK/NKT cells	0.917083052700602	1.50643806771692e-17	0.674544696799446	0.995552326224372	0.810022239442356	1.42842654864103e-09	0.4879918477181	0.997467242485584	0.00626751620772913	0.178300406468253	9.75630434879277e-21	1.4195088995311e-09	0.893144757948237	0.000110004933368133	1.09316227987776e-10	0.987639721229233	0.000428012316770108	0.99111765416397	3.51323175339432e-08	0.0884667538743105	0.999908576300647	0.999568470292056	0.99626818413825	1.51742841593823e-07	0.876647125088278	0.0064189877491742	1.37233102257017e-09
Liver.endothelial cell of hepatic sinusoid	0.461260795531094	0.771807951521051	0.998362665879986	0.992412703472015	0.0808520712455626	0.998734704132266	0.0334416963535136	0.997556031236877	0.0123977103999697	0.0744530938818491	0.83532891287339	0.998733429614199	0.985781149640735	0.0272171299618585	0.571500268427541	0.715835017661012	0.59200746974945	0.863257980181399	0.757460336942094	0.981243755535574	0.0108392585623002	0.974172255044407	0.921034662283222	0.820713567487534	0.841054207806216	0.0128042675878773	0.998727023908137
Liver.hepatocyte	0.959582186513547	0.959187137121586	0.924980644067383	0.997501554641016	0.864135697620395	0.999958269991856	0.245147737241097	0.998910200054246	6.87035186887971e-09	0.000101543998471844	0.964628313661985	0.999958544168286	0.58425763261326	1.53417814151768e-10	0.999990669361284	0.943751767277368	0.977691575285399	0.980264231807863	0.993694313402994	0.181469256466815	0.988415578684847	0.999759453702234	0.983885944086615	0.93612256931509	0.62350148361806	7.16613437782780e-09	0.999958716695167
Lung.B cell	0.378914001050155	5.49848839094079e-18	0.943056612085532	0.999263125726209	0.571471762682517	8.14124936945741e-16	0.871044043575005	0.808344624876822	0.477460740506469	0.0617804631242658	1.23076340485826e-18	7.75084677436804e-16	0.588156117724453	0.475069288563299	4.33346449129613e-22	0.622101059082523	3.56050077322273e-08	0.901107183881215	8.37893335642067e-25	0.641382586603479	0.970725834618012	0.6188773529999	0.927584155082148	1.38798075304156e-15	0.230989189097358	0.470986738029226	9.31771306211309e-16
Lung.T cell	0.435045447543434	2.28407052571959e-25	0.0964137679134555	0.981443386520048	0.726975257536214	9.99298933866062e-16	0.64355158248559	0.843500066197331	0.962206920363491	0.482033559833791	1.20991491099238e-28	9.9098500033586e-16	0.713413653815934	0.290480948513159	3.44974056388949e-20	0.733261408403801	0.000293784286467503	0.928940258612715	3.08220106883948e-21	0.0855017963597175	0.998331886156905	0.977778971349895	0.898096323882013	2.73981049866395e-20	0.646730471239683	0.962217078499189	9.47174677237881e-16
Lung.alveolar epithelial type 1 cells, alveolar epithelial type 2 cells, club cells, and basal cells	0.818281451443329	0.425384926527171	0.734478197565355	0.877753529399842	0.580385098227425	0.85877752475596	0.0795572643112086	0.882204134165657	0.519706523250026	0.155150771438094	0.78007843195982	0.858505980056782	0.968843737675392	0.30470404826733	0.749989112212974	0.778635695931588	0.972177808789464	0.419271675284708	0.173734695713219	0.863053843521628	0.173572980781229	0.705866239605062	0.51103239128538	0.486200595784783	0.37228993316747	0.520156395174356	0.859086944483325
Lung.circulating monocytes	0.800111948009197	1.42464734760565e-07	0.737243757597426	0.937114455474375	0.421647619892024	5.35675806567811e-08	0.655637184004509	0.787698726884266	0.466705996259298	0.00104774170039907	3.5438045706625e-08	5.36103523234535e-08	0.977284136800129	0.0126199219295435	2.79085983575533e-18	0.932471877077375	1.96912639679713e-28	0.766191161293346	0.00164719040882972	2.88719227063122e-05	0.979982140872807	0.92822215598145	0.976688048479016	0.000352852300159144	0.892895551928376	0.467639054315821	5.28052741321237e-08
Lung.dendritic cells, alveolar macrophages, and interstital macrophages	0.915870120923339	2.81344164341917e-20	0.819069171404467	0.999995286384792	0.939758947959158	6.24351140562231e-11	0.941619247894064	0.999567396218214	0.362026730797779	0.147632067663384	2.89180704959691e-24	6.00592277797765e-11	0.953029943372483	0.00700071786860318	1.00033675760616e-12	0.992954487091929	1.75220140436271e-12	0.95272416251052	7.00611693979398e-09	0.138739357200587	0.999989505191772	0.850660008139762	0.99181335350676	2.77145219374391e-06	0.898821115725765	0.358581711091416	6.80212975721334e-11
Lung.invading monocytes	0.972942632862775	2.04506497868605e-06	0.959454555430377	0.999996452252891	0.986400254915173	5.11833483258464e-06	0.515409804633625	0.999979476183292	0.897891743493393	0.0095736568781979	1.17732584437728e-06	5.0712448408715e-06	0.973547510400669	0.0279858060400068	1.18684173669162e-10	0.998659707363331	1.82696487107216e-25	0.988513039550031	0.00120119873321941	0.000418156163302457	0.999921160041131	0.971146166721541	0.999687731696104	0.00065880113056598	0.99866761608762	0.897956967447754	5.06631491864518e-06
Lung.lung endothelial cell	0.350984177784368	0.898427303217247	0.829603816862689	0.852762307166532	0.0022248931059972	0.920147907478009	0.48484772254174	0.992853519171094	0.720425939921922	0.0202660286394491	0.721742334029958	0.920084907973449	0.927118806879551	0.293695009400524	0.0155948366071294	0.744176410983162	0.0638314430196797	0.518833230518132	0.403952179142696	0.995114529180092	2.99614070805633e-05	0.246500800075957	0.842447574825894	0.646821568626249	0.948828752128255	0.722863938459597	0.919747775412375
Lung.mast cells and unknown immune cells	0.969722526127013	0.039975425005768	0.999820110513215	0.999985809486253	0.99992346384705	5.22188503345704e-07	0.872904977468045	0.999752945073193	0.951465040647367	0.529399607596571	0.172214286172461	5.22649730663405e-07	0.958716338685817	0.0606710591768066	0.000659794520506523	0.997953170285217	3.22440778571336e-10	0.924126696144442	0.0431611937471318	0.151890822244336	0.999999994453969	0.999993684828995	0.999763248999934	0.444004554986675	0.958017616254096	0.951861923703786	5.17934202693578e-07
Lung.multiciliated cells	0.826781541366605	0.983992301355342	0.994364091301394	0.760012549060244	0.773526546342949	0.99952178963053	0.598840763510544	0.538873251602407	0.997733727595487	0.990419198306973	0.951383102204607	0.999525461073843	0.936298741080744	0.930470465550956	0.995309299961747	0.902474174081769	0.996205519520714	0.811946469796595	0.892388710239279	0.596615926606761	0.999449232332072	0.947164105462995	0.867998642066987	0.897148936547175	0.669352558983437	0.997691758898362	0.999529424286168
Lung.natural killer cell	0.895979989590197	1.89348736460639e-10	0.851602980729437	0.99226827549244	0.987147697405071	3.5478737567767e-11	0.874899927762555	0.999952324949394	0.914595565370984	0.916058869753861	1.91454832525214e-12	3.52742622419644e-11	0.98683566928195	0.308889512601136	2.3016522945417e-16	0.998091191628608	1.82584475400786e-07	0.997699352587618	4.26414711215082e-07	0.350249280483516	0.999275724025789	0.999555584709316	0.975915168697996	0.000337119010941147	0.933787033792438	0.914298242446972	3.41505943709903e-11
Lung.stromal cell	0.255677616297822	0.999649253075412	0.999201388961945	0.442617763695933	0.220488650979091	0.900015503297364	0.525085957304372	0.997222233529891	0.4023536212564	0.913348578577165	0.998855209838929	0.900054858433264	0.778662347477357	0.770405808314599	0.999930670491539	0.383656519453162	0.999479543578052	0.825924129676677	0.990609856040535	0.99999997907592	7.86267792215287e-07	0.982781960763342	0.952096201878802	0.877940661657278	0.902264976680032	0.405118234052331	0.89976072771599
Mammary_Gland.basal cell	0.406485308852473	0.992478261951904	0.889437839785688	0.734741992040735	0.922451947080089	0.909036522407271	0.577486976580508	0.354519623175139	0.98252287899842	0.817128814920474	0.989320181946418	0.908894390325393	0.955275448588373	0.468583658120871	0.999275916508555	0.0611756551058186	0.999790390029339	0.190326149163046	0.87310485591633	0.860979497986235	0.0406450578461461	0.565435446204253	0.35875279889168	0.920041075768108	0.779235487942978	0.982821135388769	0.908187492956591
Mammary_Gland.endothelial cell	0.0219341033081548	0.535879011324584	0.775678866212183	0.960059869315749	0.00725019787653852	0.0690649882591792	0.139957547187247	0.961402732849074	0.480943386265821	0.107053677297577	0.705794846008875	0.0690143591724296	0.833740818766176	0.144939670115541	0.00180478383521146	0.761261953686854	0.00701544644371657	0.996540148944278	0.37515640911816	0.988171808486553	7.47053280019381e-07	0.981039802207112	0.956814961789775	0.147940773150515	0.865641104846933	0.482693584731507	0.0685938573560995
Mammary_Gland.luminal progenitor	0.520384129315727	0.760166349021914	0.974064038980448	0.987242839094937	0.99156001026747	0.758558188399481	0.0462490188568088	0.995540231801076	0.681137576103616	0.863830748172409	0.997201861942218	0.758317730472281	0.996655799677412	0.125012836259568	0.999790593827299	0.535325084206349	0.998528363154891	0.97388676727028	0.474256403969094	0.297979697580556	0.768738313924724	0.99164831757588	0.830980466185632	0.932509705598178	0.513652668843811	0.681315636010642	0.757009767320943
Mammary_Gland.mature luminal cell	0.354186908396539	0.0530654039707764	0.212580637318561	0.581386383569963	0.424140074354005	0.925305639500298	0.549294056204269	0.991501664837049	0.0395030101750103	0.000792179049397114	0.398513878985647	0.925435353060884	0.585213232086954	0.00205149339729687	0.524992979599126	0.690575385057044	0.816023513228639	0.245704968107602	0.47541383279032	0.00316898287312015	0.186774194891896	0.197921984116026	0.964935579685736	0.453237610954564	0.19127137401017	0.0389033648711604	0.925074717890967
Mammary_Gland.stromal cell	0.21186335486201	0.996659580850554	0.996953807345814	0.915153546316369	0.819528445197018	0.632060437472055	0.409950042739855	0.954392584932787	0.963083324257923	0.951935933962569	0.996147363227309	0.632205147276542	0.962763598765479	0.942953145981636	0.999971584796349	0.818264899036946	0.998848013430644	0.928278658757805	0.774513505858154	0.999999999286147	8.78238574093013e-05	0.970921580708281	0.956988622214578	0.785404864041408	0.987007293762675	0.963321770502396	0.631583014374627
Marrow.Cd3e+ Klrb1+ B cell	0.245579259885678	2.94054912136228e-30	0.262490644099274	0.993771813229433	0.894555167394106	2.22576419569125e-20	0.803443905512449	0.886519931774975	0.386528996453857	0.127169929938019	5.4941114932833e-33	2.16200983899774e-20	0.459329022356414	0.00460972837615215	1.24473801194696e-33	0.856430559015679	6.04389431849879e-13	0.888863374903079	1.35685864087494e-23	7.85311697622214e-06	0.999943345684589	0.669460604326081	0.997960856716793	5.38449450453716e-15	0.0582580415642697	0.382468311545983	2.4442666807858e-20
Marrow.Dntt+ late pro-B cell	0.36199255148974	0.00140020752574118	0.0276323816310737	0.958003931564974	0.606211102457631	0.237921139189532	0.81455634106956	0.132804791323067	0.0231673320640937	0.555285869767985	0.000277337331547352	0.237585224377633	0.104064959845595	0.165355720593485	7.74436304848068e-09	0.465310272562637	0.000105772945768203	0.825889395252583	1.55734751797166e-06	9.30809488556657e-12	0.991159687152683	0.0628237315847728	0.896775314932552	0.00901958477877146	0.0081610580325504	0.0234817674062828	0.239903316705003
Marrow.Dntt- late pro-B cell	0.184146312586555	0.0119110355035575	0.0179914560929951	0.884197916578879	0.549154118927374	0.21872094487097	0.837163229898621	0.0986125120328363	0.00980660490973172	0.379820105464853	0.00188131753909737	0.21855806530774	0.101905861861487	0.221887445939803	7.70372686082216e-07	0.27149283251608	0.00215936660349345	0.764174055202092	4.43004622187644e-05	1.82371881917267e-10	0.942802405118166	0.0372696901918302	0.709965331425718	0.00764079491168107	0.0097442821599755	0.00995899003218633	0.220518930186886
Marrow.Slamf1-negative multipotent progenitor cell	0.927330110638267	0.0360609909650443	0.0640899024684872	0.786197461177787	0.146866342475753	0.0118586282173618	0.965465894397877	0.725536000405749	0.0980137230209714	0.0655537235993557	3.64267458951809e-06	0.0119309727244915	0.524431225432672	0.0269335357072222	1.10435655663869e-09	0.688489372807403	2.70755979890011e-16	0.374798896628222	0.00102395964419594	5.34892525904734e-13	0.615785822851922	0.360901342166464	0.545316882295148	0.056004831750945	0.446918236532622	0.0966649009028116	0.01189143316687
Marrow.Slamf1-positive multipotent progenitor cell	0.800883203827578	0.474947096944299	0.0859897643076719	0.708423737727897	0.172449030293682	0.184122413815439	0.980158867365462	0.461803620075022	0.0495826118739809	0.235702094260167	0.00768836949493134	0.184935288515813	0.173927194362367	0.395812247703809	5.65039463860989e-06	0.250791925237928	6.08966705866181e-10	0.602671074474547	0.038951674417021	1.15191941966319e-14	0.640143021724778	0.308790083378799	0.554761106843969	0.382435390393426	0.115381037137006	0.0495978476025425	0.185002404640564
Marrow.basophil	0.207515396358468	1.38566313221031e-05	0.374233187846011	0.937045338148864	0.296505382473243	2.70683170750856e-07	0.568933075951956	0.933454536305673	0.0333545706987223	0.00860985870436107	1.02698666320482e-06	2.71870743346616e-07	0.299961181276384	0.0125119777418131	1.66225015761212e-15	0.975320895049465	5.52783625438012e-15	0.852648580156396	1.57586370548048e-08	3.94337274562261e-08	0.952706627481457	0.885159427513563	0.975796570780009	0.00178250814165654	0.117088673534564	0.0333498996370532	2.67965858961702e-07
Marrow.common lymphoid progenitor	0.66065385762434	0.217971750521221	0.0512705162546283	0.636637647119862	0.110585745947793	0.167121917220173	0.968108743078821	0.365067553331337	0.0147227956710462	0.274650141316886	0.000671697804628679	0.167671864221439	0.138584098854011	0.236655891611919	4.13742609040591e-07	0.501461494241734	3.87783771787198e-12	0.688409123646866	0.00975956009081259	2.76698500960288e-12	0.594503442567842	0.148789651467205	0.377498859763601	0.11164666954243	0.280831466055101	0.0148850476867785	0.167322501652259
Marrow.granulocyte	0.972421804660078	0.00548378622312191	0.970947435389132	0.992713231325741	0.998848176506653	1.37270342701199e-05	0.353362801302045	0.887285367928011	0.794824207804016	0.107897232442166	0.020607324150899	1.36890526651215e-05	0.698805723364986	0.413353716121729	0.0019682578796939	0.983517225440118	6.0256950663163e-11	0.931564858708221	0.23076175604465	0.161502260954817	0.999887122704248	0.990448277856402	0.964544401394188	0.29884516872328	0.825880766575668	0.795874395203346	1.34854787371891e-05
Marrow.granulocyte monocyte progenitor cell	0.655956503606988	0.0148840716354646	0.0186437482833807	0.914036051640054	0.662858437996604	0.00400249149705452	0.974522440478302	0.735345741897254	0.0304500994420923	0.0570668446833358	1.74481463886249e-06	0.00399533462749443	0.309113910721524	0.0710550487530858	2.1437226636775e-07	0.783932003547621	3.45767023976258e-15	0.984637063444588	3.00507194232115e-06	2.5168363686899e-16	0.994372052489568	0.527161486963143	0.772379364995603	0.00588453538684294	0.136644238304003	0.0301924615655479	0.00411765869796301
Marrow.granulocytopoietic cell	0.85555991878828	0.0338144814345803	0.398893721056462	0.977632080359001	0.995486359780924	0.074775704097101	0.611510160975433	0.621899462918814	0.0835881999445719	0.0260348489694543	0.00551999919047864	0.0749803059613895	0.293516831418122	0.647167582709084	0.0495363425681432	0.996958211071054	7.78032953484127e-13	0.993109324454574	0.0746227716987533	6.41533724718891e-08	0.999290738468795	0.896654886261344	0.780339943876347	0.158185593880214	0.0478048808387148	0.084817828806471	0.0748856282576645
Marrow.hematopoietic precursor cell	0.562207491173205	0.00413369922926617	0.0995004467694329	0.444828277169174	0.0236636615832696	0.000262941249812482	0.980297567396144	0.290816045729759	0.27534203746269	0.0793420207499622	2.3854812746657e-07	0.000264581924100212	0.627800997814404	0.0513694992394081	1.47686359176629e-13	0.44630083628634	1.74514876039501e-17	0.250219258839675	0.00213341714623775	6.17533930106283e-07	0.181471906895234	0.0907101661762522	0.519582128927866	0.0442722937762279	0.254730272973398	0.274403264317977	0.000262864769598281
Marrow.immature B cell	0.0417288439432446	1.41073641409285e-14	0.438609359518676	0.906573085339856	0.389000407983162	5.41024099520768e-11	0.679394935532298	0.552017456731948	0.236562262838158	0.122585015519589	6.41245039818358e-15	5.27994092919014e-11	0.595739099654982	0.143507536738681	1.66442135596635e-25	0.166787522895417	1.69261068212832e-11	0.490224467419263	1.150786717143e-18	0.000398430188392608	0.817232264824746	0.0424215062354032	0.908948383539366	2.10004612765519e-08	0.114347434056112	0.235389998328409	5.582555637281e-11
Marrow.immature NK T cell	0.700801484027773	6.08998673754347e-23	0.638292646854698	0.993934609053959	0.99339136542134	8.81030135091836e-11	0.875025022057715	0.999328503924912	0.899842445899406	0.580603660855896	1.30728895057517e-17	8.85633328124737e-11	0.88188251660055	0.253675024072617	1.40153093449605e-22	0.986805136867216	2.12602045222373e-08	0.996860053503375	2.10756720241235e-12	0.00231229919027645	0.999907078244218	0.992760549634346	0.999283747782409	1.12091147870449e-06	0.881353395345232	0.899493709307887	8.6973815973464e-11
Marrow.immature T cell	0.0862773691214989	5.41322083069918e-27	0.0832575448133059	0.91301945110589	0.781439932346648	2.43282089107902e-19	0.693962657868279	0.877238129399974	0.706059555817571	0.319000424425246	2.14656612710831e-29	2.40582647936053e-19	0.651632279321234	0.345543727639671	6.02307088577997e-26	0.387220539915881	9.1141109232386e-08	0.741580247788207	4.57582839301284e-19	0.00814991649450131	0.996755380231345	0.749952992569333	0.98357343491344	9.16042074461812e-14	0.131128823042391	0.70920878471532	2.26790478303381e-19
Marrow.immature natural killer cell	0.930397706167093	3.04986079033931e-17	0.958493616839775	0.998367737988555	0.961182376144555	6.46689669735722e-14	0.906363106715595	0.998565038923258	0.720692224848849	0.342314154238035	8.80301556685951e-18	6.43125647300707e-14	0.863854532235608	0.346874327828863	5.50643948689222e-22	0.999652983837809	6.74095735646659e-09	0.998922149007113	5.68633266268394e-11	0.1192964060892	0.999097534502551	0.999766307300281	0.996481621659909	1.06415939384719e-07	0.865802339395894	0.71998397576582	6.19173871055439e-14
Marrow.macrophage	0.737303331557787	6.18483960902822e-06	0.397961685239287	0.590055699649022	0.166706907504695	9.51973475722827e-08	0.971168441008037	0.35963463337394	0.475247819220549	0.020308678287941	5.06613645232836e-09	9.41068594762962e-08	0.0806466568398329	0.413127268017541	8.40875803430784e-10	0.642750816604789	1.57478975343297e-08	0.126013992643179	2.20809619010909e-06	0.000364230488448166	0.713686934052489	0.446802427320136	0.786608315408556	0.0201007001817817	0.253531154403512	0.47129354277332	9.65139977256955e-08
Marrow.mature natural killer cell	0.436285110840208	1.2579187564368e-14	0.825561191092167	0.941977445043769	0.992444515577959	8.14297270699809e-14	0.961877692124666	0.988296968784668	0.607138934101163	0.411899158379197	5.18814541747995e-16	8.14197130892913e-14	0.667875691113285	0.225127502579514	9.08746488230282e-22	0.985671699925648	8.49268524182349e-09	0.98304613800194	1.04241620430927e-10	0.000321114832278465	0.998737399294041	0.954052837685988	0.951542861786636	1.5133377985173e-06	0.624922258325099	0.605217889592132	7.86253032857908e-14
Marrow.megakaryocyte-erythroid progenitor cell	0.642778274678416	0.252306049635742	0.0891367247940049	0.548115241979401	0.203266365222664	0.548038566600021	0.948672860337042	0.162268390813797	0.0966744592703922	0.317640876024478	0.00353784254743808	0.548743845913476	0.0738653239546878	0.125393753898149	1.29771059538703e-05	0.275005565394869	1.95200249323895e-07	0.167256864135752	0.0859660345152381	8.67916886985549e-12	0.533572879089903	0.441161358339748	0.32230078363996	0.690993393192581	0.262569550675765	0.0963555753601202	0.548242073629739
Marrow.monocyte	0.861038571208128	0.0058484767699735	0.893427050260318	0.999994006490764	0.997250152788146	0.000915393115075729	0.834316757765153	0.999026505736957	0.610649806705286	0.0385055878445924	0.00104900689637731	0.000917922510006908	0.849110411158165	0.309742434262061	1.41774866986373e-05	0.993179124800489	8.3677803252792e-21	0.997806760187718	0.0036506562204772	2.91101171101472e-07	0.999964348036747	0.881714829332873	0.999748253769063	0.0930061639808172	0.902275181907251	0.613000746616163	0.000913264956653959
Marrow.naive B cell	0.25314488839971	2.15980938414784e-21	0.78843098917595	0.972627625006709	0.57296515106503	1.56866639956945e-20	0.655415954945814	0.614826011369363	0.446804784875156	0.0538323241519378	3.05162424768859e-22	1.45899478584415e-20	0.666258056988214	0.0893812288648898	9.00947826539599e-26	0.144138042283313	1.21265291544568e-09	0.302945752964109	3.76098694864919e-25	0.300872251757572	0.870980683447131	0.403295713845522	0.829078937231872	5.3205897240482e-16	0.0770306851542345	0.441867513920717	1.97297978681512e-20
Marrow.pre-B cell (Philadelphia nomenclature)	0.255215255678411	8.67281972976024e-10	0.671379844173048	0.989513397082125	0.628054490869846	0.000131976275194843	0.758896336949145	0.324876773948082	0.908519387532361	0.695082546524183	3.35241300379722e-08	0.00013163862501988	0.785813408520246	0.258622850834465	4.25316847424279e-15	0.367697712879831	0.000484554112078665	0.602430969828788	5.80932155724463e-08	0.351836113049382	0.812551162431169	0.489318707589924	0.976087271698577	0.000193261592941346	0.566799085594535	0.909142991782096	0.000129894544369633
Marrow.pre-natural killer cell	0.613291008501715	8.27902455548393e-05	0.182825579867711	0.891281947936741	0.975465749068113	0.000384456109005741	0.953847728697311	0.580153353758421	0.0398147137413721	0.393372487779341	3.84048022930756e-06	0.000383744091359513	0.101287740276578	0.513202005389938	1.60940166329344e-08	0.846997959124636	0.000145011025024427	0.992334490632052	0.000892587198850297	2.47955864448371e-13	0.995438644198279	0.546643141429719	0.781869683970932	0.00406904398856935	0.117902093757419	0.0397121165791488	0.000375098757342627
Marrow.regulatory T cell	0.6126121803871	6.71612755159404e-30	0.21516897788654	0.968718800439045	0.689369557150469	8.38665977561319e-16	0.530228105479613	0.998811447468613	0.72164687275688	0.661996246094276	2.61559070326614e-34	8.3038845353688e-16	0.539364982812574	0.129941473292004	6.24835079005448e-18	0.834131515323346	0.000788685450287181	0.954738878948832	1.40223698550164e-17	0.0805288329715187	0.944875484704606	0.891121291596272	0.978287523742726	5.4309480703978e-15	0.558882049013024	0.723221379296828	7.97645244189212e-16
Pancreas.acinar cell	0.418599128734663	0.604569080043444	0.28451046924357	0.0113653677295578	0.00342009026258361	0.968570435404951	0.139959936983367	0.361981182347323	0.212230858183958	0.332024083953836	0.834190115169058	0.968613055321113	0.178040041988732	0.456596378157655	0.922529425743465	0.506864512148191	0.979986187627433	0.50395116180816	0.716145547539878	0.679431414516146	0.402118513754225	0.961672882352613	0.160820596127417	0.602266529519549	0.308100964333032	0.210480457661919	0.968659905041429
Pancreas.beta cell	0.729499036974729	0.999999915777659	7.13276994922942e-05	2.05031054063111e-12	0.00758379736987153	0.999992259672019	0.465837933780394	3.81066846368504e-10	0.586771781575344	0.821093683247632	0.999895665851342	0.999992325845949	0.0300684163248988	0.994268532240743	0.999830449140777	0.000558163466026867	0.999999609717996	4.98967747057196e-09	0.9999911463439	0.939479752981647	0.651274937992278	8.30036376555345e-09	3.64625457125065e-07	0.991984329230921	3.78225695497074e-08	0.583547175963249	0.999992347129916
Pancreas.ductal cell	0.310510135477973	0.814413232678693	0.267372557580732	0.695865178874532	0.0399499274435158	0.999921940534294	0.00762059018195803	0.676996452656763	0.49212634304539	0.612927106712641	0.994523808944713	0.999922083322414	0.680375857989359	0.667582737996323	0.999048102703127	0.29726131891703	0.999209553338911	0.1824450182864	0.992024916209794	0.998278501847598	0.00927695841428213	0.752262808247175	0.644795888826432	0.686570831984146	0.116041814648618	0.493730310371155	0.999921606614035
Pancreas.endothelial cell	0.197067182883917	0.947559806553129	0.965377475048833	0.682535442583199	1.16445604817491e-05	0.998322600647844	0.235596984514276	0.967253973411158	0.827092459939226	0.0323515897499339	0.943682882547108	0.998328819991119	0.8161094942914	0.536554798984501	0.0392540920434968	0.731053543336118	0.031782207195911	0.488247759484629	0.870712424133261	0.946034227940894	2.75797081615088e-08	0.898591977325045	0.960488363645282	0.333727256301559	0.856762408948665	0.828949531043737	0.998329057093249
Pancreas.leukocyte	0.407407769949365	1.46144686776494e-12	0.871473948706695	0.99990322067298	0.457584331495766	6.58330790458269e-09	0.565424688508303	0.999681550500002	0.244903981220775	0.00464591216998669	1.81037475577617e-13	6.47064722541998e-09	0.751089719247903	0.158990508024453	6.04922150109913e-12	0.999167572131709	7.61820556266033e-17	0.959936766227307	7.90472272050512e-09	0.0434531253971574	0.987613824251612	0.973192153108562	0.999956449140863	3.88395561041149e-05	0.8755145252019	0.244401354558116	7.23743918660381e-09
Pancreas.pancreatic A cell	0.661643561198703	0.999986046572811	0.000671923186016998	1.2671729039069e-09	0.0913754809881843	0.99993679368449	0.455423986632712	4.0626051524409e-08	0.909127169865268	0.962432100093844	0.999917296749047	0.999937119098622	0.0119340775084693	0.999076214097588	0.999998877269656	6.04574760724194e-05	0.999999928015358	3.94767753382143e-08	0.999093464071834	0.998741225830401	0.303070600552375	8.80083131963232e-08	0.000221384962806966	0.998629407144561	5.83661478247617e-06	0.908067244453939	0.999937001308759
Pancreas.pancreatic D cell	0.909566843568611	0.99999996924677	2.23470633819587e-07	9.17040374506778e-12	0.0231179511752548	0.999995196564873	0.149464489817983	2.9021074354784e-14	0.92138424696792	0.97480795083219	0.999999356652397	0.999995240858381	0.0057934258500384	0.999918017638989	0.999999999638925	7.69409710680548e-09	0.999999999998743	4.07792982628354e-08	0.999980644083416	0.999996736596009	0.272644692047143	5.62388223542692e-10	2.21390397461217e-06	0.993703160710786	3.0045922131076e-05	0.919404271298938	0.999995262063264
Pancreas.pancreatic PP cell	0.67046954952247	0.999996753224388	0.000133127187873276	9.14159126475438e-13	0.0113300301332639	0.999945013181998	0.290261930918342	5.46819160077138e-10	0.735100271693528	0.674616471330912	0.999990278358907	0.999945316892485	0.00193624053768683	0.999115385715687	0.999999507284836	3.75366814755106e-07	0.999999991374154	1.01451332696042e-07	0.99963154453435	0.994844431735579	0.271918295205789	5.66285030714629e-08	6.21019775843367e-06	0.995989576511447	0.00015264727136055	0.731086564595447	0.999945187600601
Pancreas.stellate cell	0.059369578236417	0.997553352810653	0.987096720797259	0.100385545444452	0.00133675492005574	0.999678334525774	0.253972032930147	0.935714662920556	0.72607350993355	0.541382152342794	0.998863453181387	0.999680925499079	0.464966075352966	0.977112871551404	0.99970127008267	0.927594818361095	0.979401271572894	0.824724624258457	0.998253071078242	0.999999963151487	3.55853795759087e-10	0.941260914115759	0.812812369124107	0.873315756711074	0.865161365557601	0.728606701768934	0.999683338937376
Skin.Basal IFE	0.121906412651105	0.978543029603781	0.867069931101011	0.849817430612838	0.567857869106597	0.614574522210016	0.72354064467694	0.66817136841834	0.908379772579432	0.909585746152394	0.974145371577838	0.614168965457592	0.772757134623926	0.573432393474982	0.976824671646145	0.0525008408310234	0.954156882952002	0.701270548282193	0.872404513601672	0.24259566213586	0.143347998680386	0.869735719968784	0.292548096314681	0.953982989008623	0.724388677089349	0.908597093677323	0.612161842870664
Skin.Inner Bulge	0.247594286289176	0.889944266522035	0.853989580551437	0.235144641630549	0.286492438241875	0.961320446212577	0.751576637898596	0.305009739144857	0.735537092356257	0.93178299429201	0.949047552255598	0.961269529886097	0.944263610905398	0.486126926036463	0.996980111973038	0.320623946167957	0.95795773348662	0.157940842138332	0.895809057755724	0.986469291415841	0.264486269865567	0.252826472044351	0.605606991816963	0.902059811081171	0.853648633049418	0.736106904204664	0.961026689002821
Skin.Intermediate IFE	0.0886977620168506	0.928228470615204	0.926683161019503	0.979039641668197	0.825858733398904	0.654542498356425	0.805005046376132	0.769659878730343	0.759664694352999	0.833328147879696	0.99577332723326	0.654134835500184	0.778312620451997	0.120803160875512	0.929394245806364	0.309660963958095	0.922508454681773	0.754245854815237	0.873679695918429	0.0057021784220165	0.598831569294547	0.839698153781906	0.616637599891286	0.94456304635219	0.430162252325902	0.756772638964829	0.651963494489669
Skin.Outer Bulge	0.413294239863223	0.998410631802912	0.940463524317882	0.194777846430473	0.423560125977194	0.991349939729642	0.839799216096811	0.183861171458114	0.549745926356327	0.94880313646963	0.994544751408372	0.991332849365981	0.949797953259866	0.863547042355022	0.997006091694438	0.1340290626262	0.994929740788987	0.0512776995431281	0.957082424568202	0.996746300322277	0.1427907603894	0.241428672569666	0.288432287703795	0.96494072938092	0.658558842020434	0.550466083421046	0.991250259782835
Skin.Replicating Basal IFE	0.201977026029561	0.999984019692417	0.646583829350937	0.733354598012733	0.73689254068581	0.995258865323807	0.557273092531848	0.147213937557965	0.135668244683481	0.880375485360302	0.999940110159599	0.995244276278484	0.084721169002812	0.675281231802438	0.997969261304119	0.185679449798199	0.991695858794046	0.826810220721252	0.948515192326155	0.000121361635434606	0.36547440986499	0.582321480081905	0.13702431219907	0.998963179970408	0.308408306429303	0.134408078946081	0.99515573367444
Spleen.B cell	0.454511248507535	1.06103123634869e-20	0.867293195301554	0.983365627973916	0.568209038350638	5.1017251331706e-21	0.850382087106397	0.907882215699146	0.339470766885446	0.119628328326849	1.39952875939206e-20	4.74321314957339e-21	0.522449117266155	0.0643640966565879	2.48486141772921e-25	0.109537134126919	1.45855217291372e-09	0.541321112397246	5.0220405774639e-26	0.485315169848692	0.839093337171142	0.658322729122417	0.903382881402246	1.19984363446214e-16	0.183831896707529	0.334702315386643	6.42561300684412e-21
Spleen.T cell	0.319806872088246	1.3948810714906e-29	0.185392922248428	0.975017609192669	0.556271021263307	8.6375664049795e-18	0.573172453824263	0.928124281175075	0.795135521351462	0.211017573835512	6.44998152283966e-31	8.56712856562136e-18	0.893903119549783	0.364978068943932	3.98235191258954e-27	0.636780021803897	4.92201273325452e-05	0.959193913283517	7.22838169797331e-22	0.0349214212756169	0.982142315187764	0.966336850619802	0.961771643994702	1.01221761141112e-17	0.509954697853846	0.798007982150942	8.19536670891137e-18
Spleen.macrophage	0.664886243575665	2.13063548243081e-09	0.912701814421487	0.981104955054268	0.939909802859854	1.15732826067434e-11	0.935855648668696	0.998840226874468	0.958786415248837	0.882856603069022	3.0256389673927e-11	1.15703826559045e-11	0.935902613253967	0.528585309894629	2.52515453452341e-17	0.999633159712	6.22720406135844e-07	0.9957958389647	2.47961655796861e-07	0.253363935902014	0.997147387595243	0.998933894312508	0.985494476399901	1.04434323615155e-05	0.748932983515408	0.959198019396622	1.13300418771361e-11
Thymus.DN1 thymocytes	0.978558508672023	1.76606931737333e-19	0.652763424736161	0.998555425573176	0.982070183581904	9.97037251538925e-12	0.988505996904997	0.999924783825453	0.543197223374904	0.438685102540404	6.54068813434384e-21	9.86664519661417e-12	0.905034865157026	0.251319284535334	6.16579976320568e-16	0.945790431503206	6.22412956968311e-06	0.987130177374319	3.37446391268498e-12	0.226504126298542	0.999760625883223	0.999213042066057	0.986880037537548	4.65619621949632e-12	0.871555384522516	0.542944695269218	9.71048800875041e-12
Thymus.DN4-DP in transition Cd69 negative rapidly dividing thymocytes	0.634681737156383	0.00239279585259954	0.00872156635167828	0.485123452607221	0.770427154521674	0.104384907368636	0.70342283790794	0.264686117503137	0.00374208054566916	0.311037233608698	6.65605067404732e-05	0.104342258829336	0.294781092731028	0.623060133487521	0.000196314227313567	0.209383023401261	0.00195055614135392	0.461130887630603	2.429881252381e-07	2.85192655607857e-09	0.911286343023586	0.10586443047446	0.814096734015413	0.0122588102383877	0.0132083756774828	0.00379893495099892	0.103628785712329
Thymus.DN4-DP in transition Cd69 negative thymocytes	0.910875500259208	2.52510234679824e-05	0.478530833674221	0.595829536607793	0.909674921045732	0.000877051498940336	0.850765592167107	0.643396997553013	0.83550059302962	0.731780692133977	0.000352192912423601	0.00087564491842199	0.894242981903063	0.89368189250167	7.63899056261695e-05	0.235921017678518	0.0525996952564186	0.184705430105073	1.86237478547252e-06	0.581052709287532	0.976497565991063	0.957144266635531	0.832460142487766	0.00419612701221939	0.280608289791683	0.836121531674511	0.000868078214855276
Thymus.DN4-DP in transition Cd69 negative thyomcytes	0.791845466061535	6.79761553521439e-06	0.0131168838778091	0.211275234652833	0.677077334922556	0.000469845645663484	0.822604543046763	0.515557847100634	0.618702593552769	0.298299055782503	7.97170521963574e-06	0.000468340955165651	0.440822707122173	0.617447508385105	2.57790431851734e-07	0.059716336267208	0.000148289421556193	0.0652019486624035	1.09491892915863e-06	0.0147871778057741	0.851376841921392	0.274759280114141	0.348778317592521	0.0145834664778663	0.129611181402388	0.619914812461001	0.000463840312222848
Thymus.DN4-DP in transition Cd69 positive thymocytes	0.520199465003012	3.39477972190658e-26	0.103290925211735	0.789997976843274	0.674625489381181	1.50089027324946e-11	0.636850176034353	0.625096962834573	0.451587661306604	0.0980305782972809	3.22393397004006e-26	1.4923031555952e-11	0.917021968914851	0.372898317418573	3.35617359788871e-19	0.370880128508119	0.000166592182783867	0.940133876221309	2.58509339014607e-17	0.0592095684178003	0.98714898135523	0.789142667337711	0.612022975189464	7.50439820029623e-14	0.505053128277898	0.453377405539563	1.4466670647092e-11
Thymus.antigen presenting cell	0.920760184585667	1.41721475611374e-11	0.997446864764936	0.997482898803119	0.247305476716363	9.5182764148574e-11	0.97518078127185	0.992938445525442	0.31633872809773	0.0188736009054876	2.90683245649117e-15	9.1625188653174e-11	0.740693049649189	0.00838376429526939	8.57487735133112e-15	0.739408423469066	3.22318154902385e-10	0.972061397486014	1.96940783088884e-17	0.609442323960807	0.655674946167326	0.860145610534918	0.990478671061909	2.18383111627088e-11	0.239449555376934	0.312187541683495	1.04469508744416e-10
Tongue.basal cells	0.00698673898064102	0.999064676499911	0.881147344389555	0.489630039797684	0.844388696496079	0.90411697864137	0.653965946827326	0.0274430140924515	0.951223197345725	0.860210284424487	0.983586033518238	0.904192586810342	0.829017635684145	0.823630872683463	0.999614618882784	0.265444639109196	0.996501615577327	0.392042969132528	0.979755690006839	0.0035315772864907	0.311879296984488	0.520166356083739	0.104775747112561	0.999984475672935	0.509386581179899	0.950560537172772	0.903591747758433
Tongue.differentiated keratinocyte	0.178330031219973	0.999870099667771	0.977273686289193	0.997058266882141	0.998435023895878	0.933827853586836	0.901471737385504	0.838489559328138	0.935651984487283	0.941722477557079	0.999959245191187	0.933954797472178	0.963473325547735	0.602758304583851	0.998784032377088	0.962892016501562	0.998542146500699	0.990522193695746	0.996681941938232	0.00182830183863291	0.977156641439524	0.987141687139422	0.970565472631543	0.999978796855721	0.552584846029505	0.933813705882385	0.933642388982636
Tongue.differentiating basal cells	0.167092313999824	0.992429950484943	0.992268886741988	0.882043443663561	0.991291772964026	0.674144354392559	0.97228752476675	0.485292857624624	0.891000734227298	0.983616753050233	0.999247426583766	0.674417260612904	0.893151448736771	0.894374977983329	0.99971328832909	0.905492703818405	0.988136282300409	0.819331864185155	0.965989227816455	0.0354285050018917	0.6794843520849	0.823650315295798	0.776643916454018	0.999872282413353	0.513292322933462	0.888907582148296	0.673299928705949
Tongue.filiform differentiated keratinocytes	0.0863917360397971	0.908229627619782	0.996403979337219	0.329943923936768	0.594986570396199	0.558276804148516	0.996909539524521	0.294217012603274	0.85655054044383	0.759457018234844	0.968927250459807	0.557989147240082	0.171633408722328	0.9197972660188	0.991685647510967	0.538086110132672	0.79366712906169	0.46337418971123	0.998993688048739	0.0132044595326984	0.385096301077279	0.366313677665357	0.154007082550756	0.998475827171227	0.584724283422525	0.852392737557616	0.555916935844002
Tongue.proliferating	0.118991395748108	0.999997867091881	0.759026137501381	0.831794943375996	0.914561302680713	0.989376848573132	0.438815551976643	0.128345808090889	0.687487268166497	0.892797949089931	0.998707946117553	0.989404704895696	0.560787699113112	0.837255731687555	0.99991117326279	0.594287565432086	0.998241193136355	0.900154951787213	0.985037052207639	2.83813722378294e-05	0.63172432712449	0.694042465849662	0.262571330631449	0.999952566682191	0.557267072226871	0.685552400593259	0.989322769247396
Tongue.suprabasal differentiating keratinocytes	0.552584213174886	0.958889483536577	0.987909726388941	0.942965096095611	0.931086160367465	0.80894534340049	0.994981368516609	0.831737391424922	0.828610717220084	0.966904369554707	0.997492503776333	0.80866993781515	0.77689541200365	0.900096141189404	0.964796717092533	0.987481569350752	0.930801883885321	0.962870732601719	0.972219318271356	0.108721916304105	0.950623957139109	0.980094922530381	0.747291149425357	0.999272921857188	0.318017727570626	0.825961925783842	0.807278955812626
Trachea.blood cell	0.74426757481629	1.03037782624248e-21	0.709772173443525	0.999824304807266	0.869398395504528	2.03321706686531e-22	0.833509859443391	0.997959729164105	0.245215396294506	0.0194511834633782	2.97230653144308e-27	1.97191416917048e-22	0.829735309947082	0.00430071657719302	2.52954272605833e-16	0.867797359910675	3.29515478030993e-23	0.863061081888943	4.70745824382858e-15	0.00295706650929487	0.998112617417535	0.657500695914049	0.942859454838071	3.04347644909516e-08	0.921766591000184	0.245694590431837	2.07742036831396e-22
Trachea.endothelial cell	0.00979547755819245	0.365762940419251	0.489561010319305	0.643594173832615	2.47697705033411e-05	0.20950364453565	0.142749602078104	0.500974873126141	0.37405823351457	0.111963802091298	0.383742019068308	0.209796831975672	0.597679739104386	0.258379906064245	6.42233172282488e-05	0.322445375297325	0.000680278109857031	0.536984273566192	0.443829619685712	0.93345206421505	2.82367193213273e-10	0.577729208144216	0.897859185561201	0.195148369263652	0.729949806225224	0.37550065171153	0.209622875951317
Trachea.epithelial cell	0.698452660905018	0.551036543068552	0.940495315242025	0.0717757992694136	0.341259888771469	0.6573152114847	0.121940481571736	0.611974142575521	0.988627829260359	0.959969304744224	0.59125784528831	0.657189053882958	0.553431648141356	0.918986949474194	0.979608973117906	0.841621895398551	0.995227479728393	0.959400619075823	0.970473317829486	0.999829218827254	0.0177497144651276	0.665992749090257	0.154115414148659	0.855264298149607	0.140603836053693	0.988843920837166	0.656274053160918
Trachea.mesenchymal cell	0.143184742075386	0.999956056022723	0.976791769509513	0.124151725358736	0.519552896156104	0.9064264447661	0.59671884597181	0.607804336166592	0.919463823178799	0.919033155844904	0.999960414435475	0.906648884309297	0.439889367236402	0.994536642377718	0.99998959906472	0.499023320074036	0.999570520990502	0.52903300649089	0.994427174911391	0.999999983190063	1.01382613045351e-08	0.847118301906745	0.365221650457512	0.929254640505043	0.978285210464584	0.918401802871915	0.906543092039532
