cell_type	AF	AID	BD	BMI	Cardiovas	cd	CKD	College_edu	glucose_q	HDL_q	Hypothyroidism	ibd	insominia	LDL_q	Lymphocyte_count	MDD	Monocyte_count	Nrt_new	RA	RBC	SBP	Scz_new	Smoking	T1D	T2D_2	TG_q	uc
Bladder.Basal bladder epithelial cell	0.00369041458958783	0.999082163003668	0.857540189355981	0.892526547271581	0.886589023737809	0.999717044136676	0.11952082592803	0.776601409469227	0.947056979906459	0.866765033136108	0.999752854355227	0.999716937176313	0.389955627894033	0.762257490683513	0.999999516547774	0.576756966556958	0.99999993007957	0.978070938674971	0.999896563859229	0.584696010484895	0.712804052564251	0.899117109047436	0.408175818400641	0.999999572451711	0.938405201928877	0.947151738954051	0.999717431712699
Bladder.Bladder mesenchymal cell	0.248097229963992	0.999837868548807	0.938698819503889	0.157902060265549	0.798321524621847	0.856031622386555	0.78238130523684	0.796993155683848	0.805048778893986	0.887516002789524	0.999898074581192	0.85596994735042	0.611201710922377	0.968648244638463	0.999999910224499	0.68568574701208	0.999856520358101	0.685537618129791	0.983264581020888	0.999999972842417	0.0207332507671841	0.401309424384193	0.32333460420209	0.823157624976	0.963679216801734	0.803607790413783	0.856508660763475
Bladder.Luminal bladder epithelial cell	0.156111968045194	0.980632719330402	0.692223732832828	0.9699607032758	0.781738624268779	0.997917171949091	0.205791387587493	0.964254437507245	0.860085439422019	0.867510835003793	0.997136177721879	0.997912121007099	0.568775166205972	0.367769043626451	0.999978933201817	0.782225603251059	0.999999431495737	0.996379468447732	0.986415536023818	0.509564421567978	0.850868100208498	0.958677863885763	0.744990438403726	0.999902784821146	0.886093206330426	0.85992564104442	0.99792273092783
Brain_Myeloid.macrophage	0.935883666240328	3.02666129362313e-06	0.992895972112482	0.999799769025073	0.580638371669966	1.30377777793857e-08	0.746133340426331	0.995425998091856	0.0776443543384187	0.00362062770924854	1.0778477947515e-06	1.29732738353058e-08	0.616209003686692	0.477244251593103	3.94031703723242e-08	0.993058989268569	2.20461504042983e-17	0.928944514954693	0.00112373156053446	0.101839508619535	0.999214664392496	0.956226380227549	0.960414161268277	6.72185027190348e-06	0.996924472732167	0.0783255034745377	1.33028632053504e-08
Brain_Myeloid.microglial cell	0.974104772940838	0.0493080100396768	0.997099415488122	0.980134259179494	0.43700511324257	0.0182152568547171	0.67925039957584	0.988766554060607	0.80725211103143	0.214083437846648	0.0457055694986032	0.0182018198449341	0.753657006927927	0.785019485847477	0.0124112114957609	0.860029098276061	0.00234627155110468	0.837127312826852	0.448167705647856	0.718434183344707	0.89489316923781	0.875861687946233	0.831770052571853	0.00637443884101162	0.988340403039582	0.807490100792682	0.0182766071303921
Brain_Non-Myeloid.Bergmann glial cell	0.615593775799738	0.999945180529206	0.00527716552499947	0.000813391943239128	0.988192246938948	0.999514737245842	0.828404021746078	8.43623576906058e-07	0.998284729600406	0.997409700771037	0.999999528441601	0.999514267297185	0.325740087708396	0.999989191108828	0.999999849331548	5.3657631265115e-06	0.99999999860836	1.16376375962813e-05	0.999999661968189	0.999999999573703	0.878068127669168	0.000154117344621446	8.49665950571136e-06	0.994825413881087	0.984746310586166	0.998293984291396	0.999510515461165
Brain_Non-Myeloid.astrocyte	0.748052071504336	0.995300154869608	0.00594539430928193	0.000748078907352363	0.999549120389461	0.998622312199517	0.661178569803899	2.04099456412003e-06	0.959032582388851	0.932803875060267	0.999877450041346	0.998621243583958	0.442036635893643	0.999969046563759	0.999999101721479	0.000195459843554	0.999999936289372	1.74541872107236e-05	0.999983043029319	0.999999999880213	0.886062500755363	0.00204519510177921	1.85336407699914e-05	0.984608587787216	0.948050398676155	0.95935775722267	0.998623417512378
Brain_Non-Myeloid.brain pericyte	0.000193005041680594	0.999986517821508	0.0945070008813093	0.0042753846725222	3.739450691986e-06	0.979914588157238	0.116016414804193	0.0160132111057171	0.0854601866823031	0.132332750830018	0.99926265935176	0.979915620600477	0.0280311364466329	0.541174797384993	0.95373017795161	0.737174864485636	0.414612942689173	0.333461163170203	0.998265131952052	0.901388084136032	1.85454559553824e-12	0.605547563268436	0.353241697642383	0.993776724641059	0.825637968668855	0.0868468309887738	0.980015578065641
Brain_Non-Myeloid.endothelial cell	0.114100154812665	0.970216375591237	0.973233883117378	0.930261215358278	0.266010966793596	0.23221442597268	0.239727635927572	0.996762075707102	0.346928164217344	0.410774705896147	0.991550532242425	0.232287405065667	0.63749786390801	0.507157420768991	0.525738319926399	0.820860817462082	0.548407422913999	0.778316930160182	0.870661631561	0.967980502435286	0.000257077391286692	0.9403769908931	0.728074541647852	0.825849062082038	0.862490728481967	0.348279232663345	0.233029575331827
Brain_Non-Myeloid.excitatory neurons and some neuronal stem cells	0.851313551466883	0.999999983540648	9.44787082917594e-15	8.54911584109143e-26	0.593522238532401	0.99996768505707	0.494115096169974	4.72083390783517e-31	0.910385836351118	0.927073462069362	0.999999999835449	0.999967684749556	2.20018958860581e-08	0.999999938416437	0.999999999999873	7.67597956367341e-23	0.999999999999996	3.18781331252623e-18	0.999999999053657	0.999999992752504	0.812873895031674	1.20815917061462e-24	1.40186134901115e-17	0.99995663355004	0.173247341025291	0.911231548593482	0.999967724062363
Brain_Non-Myeloid.inhibitory neurons	0.661233671676209	0.999999992215481	1.75066740391359e-16	6.56222323070354e-18	0.661446082951693	0.999866218172005	0.381714114794415	2.12706127241005e-31	0.982968144573511	0.932415014221156	0.999999985992945	0.999866381465313	3.29160251579016e-06	0.999999363062651	0.999999999999997	5.3850878734758e-19	0.999999999999999	1.20091670243512e-14	0.999999999880887	0.999999999085048	0.729916559101217	3.96364415369042e-20	9.44999660677698e-15	0.99993767340352	0.279303871693055	0.983096099476393	0.999867354029962
Brain_Non-Myeloid.oligodendrocyte	0.860063285220031	0.920497153774666	0.0044992695247706	0.00564265690808422	0.749447200465187	0.859556656332776	0.588384521698886	0.00286270650949039	0.464809477814826	0.33701848796203	0.968693242133635	0.859422984132509	0.000651409282838501	0.841040012732605	0.999542448090133	0.0256710540033126	0.956967954081289	3.939562245607e-05	0.659180918217037	0.845355479998858	0.478193227867264	4.25239914945971e-05	0.000668250432049465	0.685364501734843	0.406321993749306	0.465819615811033	0.859746159673019
Brain_Non-Myeloid.oligodendrocyte precursor cell	0.94827164521494	0.99993279152304	8.33855441584793e-06	7.23204862559791e-13	0.956385680051226	0.999972409153159	0.929023264673584	9.76324903379903e-14	0.985260622623683	0.989994580896663	0.999999995688395	0.999972313513905	0.0161125047304254	0.999999625180702	0.999999999999886	1.70371065797053e-12	1	4.91517268374191e-12	0.999998271719246	0.999999999999016	0.81687828198976	9.85525392630115e-13	8.70850511002982e-14	0.998196228398588	0.78352251772845	0.985453517775384	0.999972498359483
Fat.B cell	0.672136534665974	3.00861175827148e-21	0.739583012312263	0.993852104921289	0.447321173560895	1.2991622077771e-20	0.262111515493364	0.896229649313654	0.336628696134908	0.0426188985118683	1.36708817988477e-21	1.34448548633456e-20	0.412253501974259	0.265957787862856	1.15683416170163e-24	0.276882642635791	2.68344010494311e-09	0.159153251728108	1.02808677107626e-27	0.312202015777166	0.978729507270196	0.451170696170203	0.742428418818781	4.83282826474407e-11	0.167665317735384	0.336181232398332	1.35328474153144e-20
Fat.T cell	0.586966509190997	5.93418474460256e-35	0.566117495374484	0.989517538144065	0.926019271608693	2.74558676766078e-22	0.498760622254188	0.913346873314299	0.976042653831171	0.507438260824101	5.03661075701224e-39	2.84269742793699e-22	0.865687464246436	0.799944636926661	1.32203610717528e-28	0.447194787467609	5.65435732916144e-05	0.467121337428271	6.14646439174494e-22	0.0455665161071357	0.9990431765457	0.904865062844397	0.920153537501578	8.19888818960911e-20	0.717743164530563	0.976267108437575	2.96763252183766e-22
Fat.endothelial cell	0.0946766362161551	0.991869775260728	0.97761951774605	0.946562475754645	0.0101411828193765	0.894387358090912	0.525105682447173	0.996313989611366	0.192880061284198	0.0320600505346233	0.94851384184713	0.894220597483853	0.90286934933656	0.366382888148787	0.0413820892347944	0.837490685755316	0.0491969484669368	0.884637404662229	0.717975119613234	0.970905179818868	4.76549535794829e-05	0.984506574001567	0.994806168326301	0.526674330995098	0.718368318674124	0.193841052801508	0.895211500270622
Fat.mesenchymal progenitor	0.230776852086778	0.999872407960331	0.987175339672921	0.858286233328292	0.845069555257947	0.855859221922768	0.941185746910599	0.984738908109802	0.841582953313578	0.971495474613369	0.999494080493361	0.855556905467451	0.708160710133332	0.926660960632553	0.999999929015003	0.743198517136772	0.999187973765822	0.878284393197818	0.997683585660749	0.999999981083834	0.0206285209470403	0.852271936777746	0.973660674713842	0.882384157164948	0.98588586449579	0.839864898987002	0.856554136287558
Fat.myeloid cell	0.811738704215779	3.84019928818288e-13	0.983510212571035	0.999999795955365	0.924215768763503	1.28792898117304e-14	0.718472787828638	0.99909749111768	0.140578379516378	0.000375637942520154	8.38421625240848e-13	1.27221958351291e-14	0.979227532755214	0.00173795030267502	1.11330553123408e-13	0.987648450275768	4.77751878143472e-28	0.767017882594465	8.65203759336221e-09	0.00586926661996136	0.999989895518193	0.980496727014582	0.988019844513101	5.83460271328662e-06	0.995238144444139	0.140374846785364	1.34596845614274e-14
Fat.natural killer cell	0.880679541349359	2.05458651363984e-14	0.998454677116661	0.999931990005455	0.994514073906	7.43046583700942e-15	0.629119547358147	0.999964979473346	0.926157134956581	0.967378243290187	2.9023615267392e-15	7.60582096975066e-15	0.958200778312463	0.606349222019894	1.88468877946086e-18	0.999989226582855	2.2681265031943e-05	0.985262823083433	1.81777032462133e-06	0.533327973895497	0.999930240614553	0.999029814561486	0.965865255885011	2.53660517225313e-07	0.969291351061362	0.926129018388755	7.85201975193397e-15
Heart.cardiac muscle cell	0.000161090883464968	0.999671982381112	0.488136377253261	0.558481111205082	0.146636965670394	0.999152494357669	0.12220635507352	0.510727613043405	0.195918382313437	0.576051394613186	0.999924653320602	0.999152671805662	0.0910973881061293	0.61761306714452	0.998648974590446	0.684944741016097	0.992244923716508	0.515956987331008	0.999775769989968	0.724686878510785	0.129991709884314	0.596849966843473	0.352111248180489	0.96565697178158	0.0239463458311809	0.198055344421165	0.999152890771389
Heart.endocardial cell	0.421499367856494	0.99486836627903	0.987385583849074	0.988367407531134	0.578208445501016	0.998109199454922	0.886429807340336	0.999971979638407	0.430657049939278	0.64323544119541	0.999552552909729	0.99810580374354	0.913770373809168	0.329527416723953	0.999048930744645	0.933617589846421	0.901539190394788	0.846544748087063	0.735230894720663	0.994161638330106	0.0139560530913085	0.996707638154509	0.994730084888963	0.70527614691443	0.989003149588671	0.431198820167492	0.998110326900348
Heart.endothelial cell	0.300450313000415	0.999141394897565	0.999599442962412	0.990680870388732	0.104989702124453	0.98210678604607	0.529428915279344	0.997142310641785	0.548483483907032	0.15806297269211	0.985042248777811	0.982076508079896	0.864922919345313	0.783607467059283	0.141756937094433	0.864901884279044	0.205578455428836	0.853664286755832	0.782697700741978	0.977352766581023	0.000970614175660992	0.982237908509675	0.991532840728593	0.826290056229923	0.467552222150135	0.550546040943536	0.982259070661738
Heart.erythrocyte	0.993524546558419	0.9999835794848	0.938819376079768	0.229703712494891	0.956778930338099	0.998670955376329	0.103981070988888	0.197479503030409	0.989394410078771	0.994853471382508	0.999996663423557	0.998681564788385	0.322455991971604	0.998246247956564	0.999999998863686	0.0422550600502515	0.999996289899003	0.252016653723193	0.999618490836961	0.999999846975287	0.812739811750379	0.603835176446343	0.395707936908387	0.793890769258344	0.362327788292855	0.989421615040032	0.9986351368539
Heart.fibroblast	0.843025924696414	0.999995420170564	0.995132444293037	0.981759383310673	0.939042703963572	0.999934821299091	0.814356990128826	0.999964917774625	0.96658041397146	0.99988190574417	0.999998841113194	0.999934551413001	0.905310456567811	0.978701292625613	0.999999999982859	0.894878001291172	0.999999248823204	0.992628489402885	0.998562336677497	0.999999998248822	0.0846852375989222	0.977954998197397	0.993251358820401	0.926413162734426	0.956572257599813	0.96658716071989	0.999934871205618
Heart.leukocyte	0.714821329819651	8.7067461918977e-07	0.997907200051604	0.999999088317565	0.679396221574435	5.31793663965079e-08	0.787716534663278	0.999855144709609	0.0418594112395989	0.00133629821689786	2.08241046648341e-05	5.33108214232066e-08	0.909609106076227	0.0290959063311694	5.8164796763005e-09	0.991099235688555	3.13687772493562e-17	0.856665173536694	5.61840570789079e-05	0.0923211300495328	0.995204032854763	0.976247897867038	0.999399789092157	9.77279465524199e-05	0.997236122407251	0.0423239632595019	5.30475029126264e-08
Heart.myofibroblast cell	0.130585784448334	0.998438682647271	0.967174719854336	0.245863445937439	3.89927734396447e-05	0.999216143342652	0.0321796884747013	0.546045098415692	0.100091885895432	0.599110694058542	0.995659721420469	0.9992141420249	0.470930881679388	0.840161550852645	0.863930377252728	0.534907036180107	0.321441437547709	0.77009882041982	0.948500611667809	0.99954588334681	3.69462392168145e-09	0.881075632811342	0.521888230478744	0.973910070304675	0.854188512591166	0.100909692769176	0.999224303358415
Heart.professional antigen presenting cell	0.54590987122719	1.39932510588751e-14	0.895311200589825	0.960074492792202	0.947458031761347	5.22276456323267e-10	0.869912445442015	0.977553682139688	0.543736836161572	0.560776250902046	3.42441979558535e-18	5.24790053003077e-10	0.732956134961057	0.617748260789452	1.56963119184318e-09	0.468473404053761	0.000226300797774204	0.650832397569745	2.23498643794098e-11	0.703518275657377	0.999666614332756	0.664409916233584	0.832561369221363	7.3697419334026e-10	0.719883045316745	0.543009482519133	5.4945968579717e-10
Heart.smooth muscle cell	0.000433815450491418	0.999960269526286	0.579256327193931	0.0663748024542267	0.000222024272351968	0.998534820982361	0.0379918263330187	0.19111903964324	0.258508219149958	0.487915421211162	0.999225930909747	0.998541283201136	0.0649274660597234	0.819512304695908	0.996467312568444	0.749692957111674	0.827093512736884	0.752801974171498	0.997761558733042	0.994821916911254	4.76864774054999e-09	0.755182590431817	0.35074743283463	0.998626206251318	0.856926457577198	0.261208671165704	0.998517388860322
Kidney.endothelial cell	0.243247885706512	0.965715574046955	0.994875518874278	0.952586022347235	0.0382940495235235	0.903236584689298	0.275389332239748	0.999445576733096	0.37453598500497	0.244654016390284	0.898619978919347	0.903105988241133	0.852057192954568	0.366589373989016	0.110696099891611	0.79955648794166	0.294682613650417	0.703713601171776	0.185302343798834	0.998159809733833	8.74978741716516e-06	0.899554204533213	0.952434038492429	0.525850027214898	0.891877213314729	0.375166782268206	0.903965507808057
Kidney.epithelial cell of proximal tubule	0.730323500533916	0.705495591764475	0.824527135769319	0.948112885111865	0.445326045639349	0.898347839628003	0.00224895240951978	0.999441084246835	0.197848967424198	0.59711758393968	0.961464114466489	0.898255495196336	0.226781668500202	0.180861218233317	0.81420305950649	0.950505548657606	0.823450114463866	0.975073942827446	0.864629593605802	0.626035130849315	0.884281508115889	0.940787185050584	0.979983653551542	0.75029410197241	0.360543133997164	0.193649473116078	0.898139527976832
Kidney.kidney collecting duct epithelial cell	0.960445357049173	0.650316141594033	0.775726142618683	0.449213210997735	0.0197015958211565	0.936379856820892	2.25131879159301e-06	0.964976081857698	0.934726493021295	0.800331472449294	0.937615051707366	0.936344714000164	0.669373988745502	0.776740431444454	0.888625996814845	0.93855416058432	0.973577524762677	0.995909172638478	0.944803789445187	0.962341669571742	0.0432179714303784	0.943769899987653	0.890059463488168	0.844438708896898	0.496017913510307	0.933992017159331	0.935832205848225
Kidney.macrophage	0.632779355608999	3.98928150665432e-08	0.992946400061282	0.999976030698396	0.781058726364149	2.51261165058732e-13	0.46718511553804	0.992488035803102	0.0875869244618288	0.0649535497440535	2.02003842770892e-08	2.49029809366932e-13	0.875139701346511	0.100758950401376	1.03215186931466e-08	0.746319887253062	1.46632928064233e-19	0.648742771968245	3.54022602001645e-07	0.225609263567549	0.99960518490021	0.960585779067006	0.988587939118472	3.57245620050603e-07	0.964693702459826	0.0878635744010173	2.53327284564554e-13
Large_Intestine.Chromaffin Cell	0.792478347726641	0.983585319034314	0.0325022697375106	2.99613067245069e-06	0.0020719901278936	0.99825353733649	0.041902740127685	0.00735074655737425	0.52915792681798	0.757433941302899	0.997229998228552	0.998245727054052	0.223991980402292	0.609818718052376	0.999967736817536	0.0646983435445688	0.99998239445535	0.01588457511373	0.999696245724214	0.999347154610962	0.22208344413107	0.00855459617268495	0.0513157014422328	0.864216285002803	0.00940513717629427	0.525525510658063	0.998284140878149
Large_Intestine.Enterocyte (Distal)	0.947763697762186	0.536810478223876	0.731596032889556	0.993776986369301	0.569006839044995	0.718091796822197	0.396831924369114	0.998390628398585	0.676199114949858	0.675197949535252	0.778847408961442	0.717957384399206	0.996388033946325	0.00885674050496971	0.86768049712649	0.999985516081601	0.802265108100073	0.999630378884275	0.913172712657614	0.144876811470308	0.710026041305513	0.991609060761672	0.850312825844591	0.651733981857702	0.679131321971245	0.677873318555786	0.717601604285867
Large_Intestine.Enterocyte (Proximal)	0.717859499147006	0.451038115093242	0.284633419479018	0.946360211412096	0.216719410972395	0.564503384903636	0.6075526641385	0.977160029663321	0.188304440280835	0.0655474615505594	0.635651337199179	0.564294155560909	0.96704159483379	4.1881459198547e-06	0.589430942642587	0.999582963941909	0.6451574409188	0.998782532731483	0.79177612706061	0.00667488003848862	0.654432335197602	0.882562285628271	0.972488204943278	0.44112023235164	0.434230657488661	0.188914832915128	0.56493126425385
Large_Intestine.Goblet cell (Distal)	0.722256115236768	0.485220702665556	0.404506503232802	0.435886756166805	0.203218838666329	0.976210466816148	0.281697181545212	0.989552272971606	0.328945280988949	0.0716279478273624	0.844416234789934	0.976185627883471	0.523028310562202	0.00174568160774139	0.989401427399926	0.999974550616264	0.983915456020922	0.983788649489846	0.851533909799629	0.00322609977302151	0.273835581416736	0.838416803610429	0.814645440934143	0.773380887393091	0.138474174437665	0.329158285983233	0.976154581861346
Large_Intestine.Goblet cell (Proximal)	0.745943730956216	0.438814771270461	0.563741768248163	0.0831766204026171	0.0173258633558709	0.915318374364008	0.233152975734348	0.786644074277723	0.447638209553563	0.0710788871556147	0.765779319281725	0.915359810758735	0.153106929977089	0.00544283444812307	0.977040244885223	0.999291143808618	0.987474712807504	0.90355978193329	0.898162925629648	0.00690628136924994	0.0933513017988837	0.685052506534021	0.671916663005157	0.860374295697411	0.0424332515128908	0.446856659806765	0.91542496091798
Large_Intestine.Goblet cell, top of crypt (Distal)	0.793164524353563	0.20253478205091	0.620934700204065	0.74786568579426	0.228928535533458	0.767671960230061	0.187836195478403	0.983572197496157	0.914905618971197	0.741285395830114	0.481893208024371	0.767424179776626	0.982836049571961	0.214428728424835	0.916876749359901	0.999871815018627	0.982324758834282	0.987236728442977	0.735546991914205	0.474044161427367	0.455399392944809	0.986683133326404	0.965746580756342	0.483111076111738	0.294321928826756	0.915090554348449	0.768896902542892
Large_Intestine.Lgr5+ amplifying undifferentiated cell (Distal)	0.814136004083722	0.897425249369556	0.749482607201022	0.488012844584715	0.182688855365881	0.999973693691168	0.0977386343346486	0.991867542171049	0.318821822152641	0.249085824114323	0.97981450152691	0.999973590246749	0.358800000869386	0.00640846925104125	0.998394434449957	0.998632239882017	0.999582274343867	0.989407041596813	0.960741436952073	0.00687025859304887	0.438133009689814	0.928701459849734	0.68521494683886	0.761254214104861	0.0365249611402557	0.318931209365373	0.999973781053061
Large_Intestine.Lgr5+ amplifying undifferentiated cell (Proximal)	0.452533199410638	0.991054500389829	0.273781403232233	0.631970201611872	0.102167132008636	0.999933521055307	0.319528009481678	0.968437530823852	0.17661938593817	0.526380014670553	0.976499649527406	0.999933094550482	0.303420660212535	0.000171026610736485	0.947329275089242	0.971844819896649	0.991206787627625	0.994283928882521	0.964919321835135	5.40375741743369e-06	0.357636928785724	0.769336701983589	0.680041370637892	0.938035356051054	0.0135344436830634	0.177073207495403	0.999934221140409
Large_Intestine.Lgr5+ undifferentiated cell (Distal)	0.538262415749758	0.983694011646752	0.596234763726572	0.757053013436437	0.556628901397987	0.999982023932829	0.12651250544914	0.995462965880529	0.268134007749922	0.313451396254125	0.982177288191464	0.99998194745246	0.70027960986915	0.00069084090051569	0.999338385906435	0.998610888315588	0.991975485733205	0.998791453726473	0.989180542045646	0.00198572719913344	0.651710090466979	0.979057194316343	0.621878523263649	0.824117194751447	0.0216834458265916	0.268898250162737	0.999981946932547
Large_Intestine.Lgr5+ undifferentiated cell (Proximal)	0.441100273651753	0.904543908081223	0.512642381537709	0.819227098520409	0.0893285953405674	0.998883522383496	0.414602706102471	0.993822417749427	0.391569704485077	0.447767882277604	0.863283834670618	0.998878888074603	0.728283162099861	1.43022959359053e-05	0.950700390606457	0.993915745978854	0.985774650049019	0.998612662916381	0.961307553859045	0.000435620488288219	0.358603920898365	0.941216011201454	0.903182936702568	0.880731463369504	0.0382047291950188	0.390393139578251	0.998887516300417
Large_Intestine.Lgr5- amplifying undifferentiated cell	0.387365998487818	0.872024195341289	0.798595967027962	0.135653139880105	0.0321781673076247	0.944046669374814	0.226166036921978	0.749961027217899	0.276307875129731	0.896888938957342	0.693984470088588	0.944084530570125	0.73105126971066	0.00114130815573963	0.705624504991861	0.902045654428171	0.983709213237256	0.976928460504076	0.51234496124805	0.00596374873334448	0.0786917058259927	0.961193107692664	0.444660144675828	0.631635440872065	0.00257885217108196	0.278132717834867	0.944071202990313
Large_Intestine.Lgr5- undifferentiated cell	0.855477378468476	0.237242186192254	0.823773101482048	0.225159446221142	0.074088121124322	0.661204424859237	0.140271575180338	0.876032314978295	0.836774888543031	0.935942294936784	0.236183919991562	0.661979922556804	0.692666337189095	0.0507809981466392	0.513343886168239	0.94921758872677	0.945416581895622	0.982518970093129	0.390944272602329	0.526282160104899	0.1244848984743	0.977479324401387	0.355498272449146	0.379575455726793	0.000966973190595624	0.837473483910449	0.663600232831217
Large_Intestine.Tuft cell	0.269992269272568	0.000641306317356979	0.144918928920116	0.000691155680569151	1.50130488054516e-05	0.00048305166245591	0.000105471254545297	0.0747782777949882	0.0528431563502823	0.0454996164857374	0.0329248104054431	0.000481740126826876	0.299578936434847	0.016481034887426	0.406624208130014	0.441812899881781	0.393873285436208	0.159191499548723	0.000574416345681954	0.209834521760431	0.00011913628675128	0.00062274213174396	0.027585860396796	0.000640432242297183	0.0878565024082223	0.0529733570259348	0.00049297290266022
Limb_Muscle.B cell	0.528461492865378	9.15511334617163e-21	0.251949165150957	0.972652127634473	0.258231362020845	6.36679769404203e-24	0.306234561790099	0.65353352426096	0.0808801960743591	0.0421153902830256	9.42757827666888e-22	6.61067077737105e-24	0.384938588647053	0.101854361736117	6.15173580916268e-23	0.31566534838652	5.69352416674666e-09	0.062163650442944	1.10115335874955e-29	0.0175126862336543	0.904825509094133	0.0495234360811048	0.517573556306992	3.58616204239808e-10	0.0508546586306241	0.0806627064044565	6.73209419775041e-24
Limb_Muscle.T cell	0.361691188742828	2.22437477478987e-26	0.0866374128232224	0.965186071197328	0.669849310594987	4.94038457327185e-16	0.011879191913548	0.904736880406897	0.778635808886693	0.880934745333226	1.36496012241569e-27	5.08362349394385e-16	0.892410998655146	0.527662162667293	1.12659995549962e-18	0.0734800621636135	0.00128562145503243	0.298160454655648	3.79754410485306e-15	0.0813147357672447	0.960420807680324	0.524359983863979	0.412737456507223	2.2350398796735e-14	0.378791945184256	0.779538928728009	5.12988195669191e-16
Limb_Muscle.endothelial cell	0.0515635224288653	0.947682562086964	0.973141225141866	0.972062558007044	0.0608871128618575	0.673459959784896	0.38048938559631	0.999158812647276	0.475221300062771	0.221179862810598	0.767525353317436	0.673132009363229	0.768158689271995	0.316680185152631	0.0259814857222379	0.883582166659895	0.0223992539455662	0.890457346903275	0.465669192339518	0.976379383966878	7.14839150373706e-05	0.991754110422125	0.998929157574785	0.35618809684436	0.64490074962714	0.476745278168357	0.67511466755205
Limb_Muscle.lymphocyte	0.483288404038194	1.25870356764169e-28	0.300178954477532	0.99998810280646	0.738974015335737	6.37158095551242e-21	0.27738285104002	0.938795842032059	0.425307587219579	0.34152171413048	4.92223853634363e-30	6.47819367039943e-21	0.297676384135383	0.0692574970638824	1.13982459631908e-20	0.783044891532725	2.37326468584171e-07	0.348076215336879	2.36418416450664e-31	0.155264781735914	0.998734802805162	0.821314470644977	0.759413502237608	9.79072067463598e-10	0.190924340375554	0.425021423530971	6.37875342877939e-21
Limb_Muscle.macrophage	0.682889939700947	5.77153443944489e-06	0.990688362348583	0.999999433070078	0.968178795447417	9.77277130673244e-10	0.777040760680429	0.999917124463614	0.0728792032028518	0.00773821330834789	9.87542657955514e-06	9.70125795419424e-10	0.935937077057961	0.000820965557156296	1.23982824136462e-06	0.999199758610287	1.14089223121173e-15	0.935499557263814	2.45757056274074e-05	0.114840581477514	0.999850012912482	0.997068127678736	0.99759716864379	9.07450268655733e-05	0.999466705983162	0.0730182822197528	9.9058766286351e-10
Limb_Muscle.mesenchymal stem cell	0.678208985389608	0.999360157066619	0.998149583680277	0.993009387048042	0.998068566092253	0.871977763194792	0.922853799943832	0.989984619141753	0.999255949851017	0.999269825226294	0.998310155332793	0.871968929014644	0.913898968818944	0.98304710530712	0.999999057870362	0.881976968296457	0.99830916477856	0.963922352565752	0.997140803901638	0.99999999999165	0.207156716005843	0.998508102393564	0.997203758926901	0.857225030417723	0.996737416404699	0.999254284544649	0.872761398827923
Limb_Muscle.skeletal muscle satellite cell	0.355939339863542	0.840655950133138	0.959692580526887	0.426163798639747	0.905508437280323	0.0477874351981603	0.790140277928785	0.54342993614086	0.98450549204768	0.929752731297603	0.738356010374901	0.0478184576067269	0.370905346962173	0.937635567108831	0.803624418776315	0.148533324780305	0.550716279931539	0.530977310074564	0.951327524100718	0.981836949798335	0.285282722410837	0.928244416691352	0.855511859284958	0.673949692988529	0.528855104445469	0.984584289452002	0.0483873836870725
Limb_Muscle.skeletal muscle satellite stem cell	0.47990136103987	0.78980837081301	0.94270306918025	0.615997193009654	0.843210520475947	0.0548844803345822	0.876282988768362	0.699473453951301	0.971787126416425	0.960716894400973	0.58918005786481	0.054817550090014	0.244425891395739	0.921543044080044	0.678789066882484	0.387254652708842	0.396683055730471	0.753297354193803	0.861880785024214	0.983100028769182	0.411448411503554	0.916466546645395	0.865842404203879	0.626186559589458	0.544278256035844	0.972004875169193	0.0553105322495827
Liver.B cell	0.752571573069027	2.71367936899627e-11	0.523799317593871	0.928509366438199	0.100151392624372	2.67030626628882e-07	0.19302679264974	0.983062693865419	2.74535313426368e-05	2.67650685397191e-05	1.45774233702276e-08	2.68878723957313e-07	0.775749606996806	1.13054503552052e-05	1.05917773986009e-12	0.750350865629468	8.01337944257592e-06	0.299160721591226	1.49419601100949e-15	0.069095118419426	0.97374265960991	0.816552794226353	0.824192936734928	5.43261089430926e-08	0.215324484357155	2.68749440835041e-05	2.63178427435224e-07
Liver.Kupffer cell	0.897179087147708	0.0337289561608491	0.999931542939743	0.999995856075534	0.871055851292935	0.0616201847195594	0.507468032793111	0.999989515184112	9.12806771370362e-05	0.00903380683333924	0.177174843031035	0.0615406213283017	0.918828707406301	3.20649087862149e-06	0.190529763245228	0.982702138247793	0.00571286535041962	0.697791926394741	0.00926536866285995	0.684721847450711	0.999772256406939	0.997829960265825	0.994734013011159	0.125328816888343	0.994617283907203	9.21240638034314e-05	0.0619209451928509
Liver.NK/NKT cells	0.759015573465504	3.15737894543073e-18	0.811990127858347	0.995425849414846	0.578029509434127	2.98843146299047e-09	0.283064968936876	0.996946782808856	0.00179775670208591	0.119010346582175	6.47485205306109e-23	3.00354855737396e-09	0.964276504004947	6.11681303767618e-05	5.01301717214595e-13	0.969737333421533	0.00023666569174721	0.95328425986621	5.83438969662273e-10	0.0423703859339463	0.998782822201855	0.987726273156944	0.961401243984591	4.28985470533679e-08	0.896255387355894	0.00179905468852818	3.07487678700709e-09
Liver.endothelial cell of hepatic sinusoid	0.224372986519166	0.694149476954838	0.999726341648324	0.997754821894808	0.0712684235872519	0.984594821460194	0.155821676321434	0.99765468608706	0.00671538990433455	0.0631539780891946	0.691617985441075	0.984579450615051	0.976907774935419	0.0102936833445402	0.648304035780389	0.83488650383117	0.655860662604524	0.947639804253569	0.793449256220516	0.948099606887686	0.0193821381773255	0.972687806875469	0.948115994065445	0.919279514046044	0.817249293286088	0.00658732450640977	0.984741685682141
Liver.hepatocyte	0.965811163025395	0.892783443726122	0.883530483489761	0.996812676387281	0.478786400751281	0.99991561162893	0.383488307874263	0.999517950352594	1.65304530074782e-07	0.000986519333491037	0.961608167019457	0.999915385383734	0.654832455960843	9.47622208817341e-10	0.999911130408771	0.956411920235478	0.978390954848373	0.866738521959162	0.97829076407372	0.187411279582248	0.915364855706401	0.998618139068582	0.984971808740535	0.840611287930445	0.259375801215575	1.60884793848144e-07	0.999915842848096
Lung.B cell	0.246583253155911	3.13347304153957e-16	0.802560058290095	0.995380603545535	0.504606155014035	1.19844517479757e-17	0.413490291405482	0.854697460495869	0.267278257916605	0.0115907823963427	8.28012251241003e-19	1.2267776217229e-17	0.696961725262191	0.475053374554367	1.78404427820191e-24	0.644774724978076	1.98090572496561e-09	0.556753560289591	4.64323456039342e-25	0.222064898842379	0.977415060787689	0.383013287505012	0.822966339476787	7.05659263614625e-11	0.143431720038254	0.264321272609967	1.18679682614188e-17
Lung.T cell	0.514583426678648	1.9935679077736e-25	0.38572774285774	0.937808088919868	0.893933377085476	2.91304941550782e-16	0.304182996116382	0.870426076640687	0.778375903457501	0.201272845436133	4.63140438603614e-30	2.96259749163345e-16	0.887120947287151	0.292623372934422	1.39128668866697e-25	0.66349128770864	6.63842042650237e-05	0.587030129812797	1.39387295215173e-19	0.0290263410520049	0.996705767113832	0.984326075530572	0.612422398177205	7.43186689426514e-23	0.612429419096367	0.778557658092441	3.08665164014339e-16
Lung.alveolar epithelial type 1 cells, alveolar epithelial type 2 cells, club cells, and basal cells	0.878069136317948	0.387201519778191	0.696677350070267	0.932955540825036	0.618577926806081	0.791792543278536	0.0398240157339214	0.927628529804001	0.476009097653744	0.153961019464415	0.782585490392821	0.791724610897398	0.970273383485198	0.489083368360798	0.954532153631163	0.899348802186939	0.97744799151928	0.442383894418043	0.439907150359906	0.930625384303176	0.128948993284793	0.81632432853423	0.787704261297766	0.218503658136465	0.359284903743654	0.474766810870542	0.79158256317063
Lung.circulating monocytes	0.398564027051961	6.40435593777476e-08	0.916549561693763	0.781100775193249	0.0824356016069336	1.22999317072126e-07	0.412944721744227	0.646223249470254	0.121445055389512	0.000264633637577671	1.82686134743789e-08	1.22454625149141e-07	0.936308117526061	0.0260524212705678	2.25767514485296e-18	0.805157465177724	1.59498362091611e-31	0.234313187087061	0.00225840421097638	2.20296961687012e-05	0.960964818202022	0.897390060778268	0.985661864112171	0.000195863610747534	0.774440164882372	0.121383340800168	1.23728759194217e-07
Lung.dendritic cells, alveolar macrophages, and interstital macrophages	0.63027054726841	4.81898347362238e-22	0.563822813461757	0.999919916670039	0.871201150192423	1.21784958920104e-11	0.62055374724441	0.9981168830627	0.114369518525574	0.015196370289432	1.69750321810425e-24	1.21708378299256e-11	0.958226338630917	0.0152450787598626	1.26798236965142e-14	0.953125959589515	1.66660308516893e-13	0.851341549722875	1.72035219765538e-13	0.0811388553078723	0.999985987049043	0.708846015839577	0.887856420313154	4.01710612540403e-08	0.792611204928485	0.113116527785189	1.24465932111085e-11
Lung.invading monocytes	0.837913232243362	1.18943939623881e-05	0.974896455044066	0.999872303455765	0.858824337177188	2.38440241714884e-06	0.329953452428767	0.99922178456985	0.403082161910737	0.000490880781199681	3.71990106228938e-06	2.38782271089117e-06	0.945728929602113	0.0156778472572848	7.57341617433211e-11	0.991936890686433	1.36701227650045e-29	0.779118604720756	0.000339349021499024	5.59075221021954e-05	0.999294556907329	0.977388715967707	0.999110025839623	2.7517262942205e-05	0.995535248022354	0.403604342568755	2.28476146763163e-06
Lung.lung endothelial cell	0.250170947998081	0.976386577176901	0.98040539491334	0.943962288192362	0.00768211707941651	0.903352268183085	0.432761340115414	0.999456984488966	0.655364030991929	0.0156112823372599	0.906588488829119	0.90319994907684	0.906896123890535	0.416964329145553	0.0200645945812123	0.906699053193156	0.0697456425653423	0.619888490700751	0.404008260024777	0.99283444389728	2.54282994337532e-05	0.576091660122934	0.955597465190033	0.706069845537903	0.638499971328188	0.65751896850215	0.904111926783115
Lung.mast cells and unknown immune cells	0.897490903259298	0.0850495629563984	0.999953178784579	0.999928729132621	0.996352291829063	1.89492532697934e-05	0.652915413839793	0.999176549981149	0.825366338583168	0.311885359688344	0.194971475244804	1.88737294011412e-05	0.944137652622563	0.151259819161337	0.000592754229024437	0.987766843088642	2.9580139049045e-12	0.877136972160579	0.040678851934117	0.0277880108786306	0.999999914049904	0.999994518524371	0.99996446996421	0.415419603692592	0.985133157803602	0.826359814218486	1.93198076747638e-05
Lung.multiciliated cells	0.932220763745407	0.966570117278363	0.997673602738909	0.962605026007673	0.927569508015521	0.999910325113542	0.473588188951888	0.513600910582043	0.99948910189123	0.99536178223324	0.920318603219388	0.999910276687717	0.851463691707534	0.851185050855019	0.997663581351286	0.943317267242799	0.99197385309713	0.907504854419439	0.960713884410562	0.650070891388277	0.999603173392353	0.962232010742833	0.845965823105254	0.936116688483303	0.52190002250329	0.999472080425331	0.999911163256328
Lung.natural killer cell	0.644676505971263	4.66113670767149e-11	0.93308223747654	0.988736024730688	0.992484508564389	2.56640769743103e-11	0.392671456623813	0.999924345631745	0.628122828275379	0.924564392281423	1.19938526767716e-12	2.58841369073435e-11	0.980455016373034	0.233403822390963	2.31713614441745e-17	0.999944451193787	2.9411625031557e-06	0.996625186277409	8.31057209583122e-07	0.207299363308474	0.999094226403493	0.997113419293871	0.9434038323798	3.77688408983607e-05	0.879508522817004	0.628214483472197	2.61365922811283e-11
Lung.stromal cell	0.349539222100363	0.999879115890056	0.99899906371047	0.722624698656999	0.528417616195739	0.895284016180238	0.559179218738044	0.997042825780118	0.662808862722103	0.978000480120496	0.999751494003573	0.895158026914564	0.916989447428545	0.782759362697643	0.99999970029668	0.364610711765787	0.999967515065546	0.82946487578601	0.99865100438066	0.99999999958072	6.62642336973026e-05	0.963280239233931	0.985559230122909	0.85824713725762	0.880090178160809	0.663652678900803	0.896019100552826
Mammary_Gland.basal cell	0.533262753457358	0.995603595244541	0.800320291733264	0.765592571685228	0.981235198799921	0.971052707534698	0.730836231969434	0.409152478118525	0.983506087321924	0.822140304964011	0.972045783791216	0.971135290004042	0.981553892418229	0.450900991479774	0.999232418678863	0.0560559397528665	0.999342666800815	0.317319779782268	0.7788489322475	0.914056908495232	0.045933527589332	0.784687312536293	0.726395382681124	0.973453436106773	0.87279832359229	0.983655362840708	0.970128783563904
Mammary_Gland.endothelial cell	0.0271547791036239	0.820121715960486	0.952013483315077	0.963979701707364	0.228355616946475	0.338655918731053	0.467564733431064	0.998782843230878	0.619835063610062	0.316604098652026	0.779745101345918	0.338388814902531	0.787789100987963	0.143622898463871	0.00944635318718676	0.893526649499295	0.0138140535573071	0.988742400224054	0.367928238752807	0.981519764648345	0.000148292191951316	0.997450161048189	0.975929484235893	0.122277355493421	0.746525873474552	0.620946630937348	0.340033418625233
Mammary_Gland.luminal progenitor	0.438918869027682	0.427848050007533	0.941762254063379	0.968204242247675	0.97870967965655	0.793996812696144	0.173019784330789	0.988881655329065	0.733859431565223	0.838498032639665	0.924744781207123	0.793924292630251	0.995276848475801	0.109904770494996	0.991642388062366	0.380926231493319	0.916064974810373	0.934683019199466	0.372323810002691	0.209345484950052	0.479580964557028	0.996681616413246	0.954733500618512	0.902234625246578	0.530050172061654	0.735891513871503	0.79308030868139
Mammary_Gland.mature luminal cell	0.217212108123935	0.000678710641697146	0.113041289237356	0.260105397789691	0.136707918461629	0.691208412421048	0.177032433104905	0.874588883721808	0.0183714875037113	0.000125826542337226	0.0392551177570344	0.690945227622165	0.475362921649083	0.00119414776672818	0.0497576772851091	0.760463402996616	0.303781151702001	0.439410382286532	0.123782438644217	0.000735629135640868	0.0363483909599364	0.394923001274887	0.963696915148025	0.323360963105569	0.226275941269334	0.017942171833761	0.690026525653733
Mammary_Gland.stromal cell	0.228633683128691	0.998771771134817	0.999012874560621	0.985772906582653	0.969109483002751	0.708619221164841	0.812310521970991	0.949721898863047	0.997564938414192	0.997672067121635	0.998273679292017	0.708599276707743	0.979592001791203	0.978377862406301	0.999993963547699	0.877613371280573	0.99886083249113	0.939022556053113	0.94441461440337	0.999999999939862	0.0223190516749048	0.963436872073196	0.98899030917196	0.842830105866582	0.989734483824624	0.99752568935629	0.709413198770751
Marrow.Cd3e+ Klrb1+ B cell	0.195597149502068	1.34774902063066e-29	0.458728256345611	0.993755718561084	0.754153212810192	2.67684715090993e-19	0.551863236819214	0.938754544618564	0.201744426214682	0.0605669859352849	6.41717004345223e-33	2.73789553085967e-19	0.453632516100572	0.0257474040772377	3.97561956238791e-39	0.74015764105231	5.29862364856643e-14	0.767930664407864	4.46000116227564e-24	1.49441045174987e-06	0.999122117895563	0.405233846082948	0.980681070368564	5.01386608781247e-14	0.0872324732195281	0.199572875639873	2.71841394807289e-19
Marrow.Dntt+ late pro-B cell	0.136124372325255	0.00290870862963551	0.00149966155942719	0.800262429669444	0.392734918374866	0.0412493954940718	0.791606967143311	0.0764888588160346	0.0289096181774989	0.493977518723392	0.000472009384813685	0.0414219722325336	0.0469529748344359	0.142787852893775	5.13694441471394e-10	0.131161513920444	2.19007774660625e-05	0.70649945645588	4.33691506081475e-08	4.44034657557201e-11	0.900747565982924	0.00566920967685164	0.567666754293076	0.023277227017693	0.0139038452006923	0.0290416148272439	0.0409654259681313
Marrow.Dntt- late pro-B cell	0.0942697649317866	0.0230948738088252	0.00117744190557522	0.698808625819006	0.333439216038496	0.028266717669195	0.823236820374116	0.0439050914452421	0.0105729331994675	0.364422172863852	0.00266179743424578	0.028371805099263	0.0608256266377548	0.150849809509987	1.38000832973171e-08	0.0379462726802853	0.000300820931869376	0.582465045091531	7.41709458636323e-07	4.1895736616808e-10	0.785962957321635	0.00719319788308399	0.353816078914859	0.0126509062562501	0.0208320619618986	0.0106567596635635	0.0279288601910484
Marrow.Slamf1-negative multipotent progenitor cell	0.630278418628679	0.00645897482756563	0.00653161094160713	0.524709576515953	0.0885491055009277	0.0312723584012567	0.857269412589785	0.530655871766678	0.0286213064152012	0.0476654036804527	2.76047518578897e-05	0.0311312772846978	0.270987996099599	0.0131196255348705	1.29763099852877e-11	0.321739636555693	2.51649838676787e-18	0.370142014589442	0.000635006785639627	9.59980830938864e-15	0.284432881775599	0.0597017517613095	0.375238852811293	0.0215449932787144	0.308359876705463	0.0288119141194448	0.0310743817965239
Marrow.Slamf1-positive multipotent progenitor cell	0.4171298114555	0.270375494467497	0.0249492551365233	0.493344324450003	0.172774444240763	0.465053466174062	0.980813378286424	0.204759319747468	0.0383275818690996	0.26644798833038	0.0381594372217636	0.464383537694134	0.0968478766008528	0.24647472403283	7.42387187276714e-07	0.0824548539808473	8.30055536281605e-11	0.637413124042504	0.0390706153206003	2.35062649725569e-16	0.274705946375194	0.0341220175824879	0.345284255782264	0.304416154338018	0.262953237209243	0.0389532401346429	0.464700103175411
Marrow.basophil	0.283298082071467	4.2428990543092e-06	0.295554716446906	0.781078120680737	0.352679104907428	1.49444339280019e-06	0.687237800425315	0.840554987745609	0.0308458767683912	0.000622592564308747	2.86640846286992e-06	1.48752627349731e-06	0.488385037318115	0.0312662432602166	8.19963230229175e-20	0.760194593122852	1.31218195048594e-14	0.844543629378019	1.50064429639583e-09	3.38041957826113e-08	0.884500180167554	0.499021994989274	0.890626863557021	3.53696641818029e-05	0.241356553201659	0.030676780765776	1.5135868184066e-06
Marrow.common lymphoid progenitor	0.501094710854475	0.0740065051284414	0.0167618059999396	0.41279912338065	0.103663259796746	0.230598564664914	0.926739270582065	0.17635175024575	0.00699385064143817	0.35766041855832	0.00233756005807937	0.23031561694441	0.104941939689955	0.141988331975724	3.85650110112784e-07	0.354786049635106	2.31207111294131e-11	0.764505920370356	0.00363199459420229	3.50108724309862e-13	0.263793953468004	0.0076102295978877	0.266273299323945	0.0963442267061557	0.560868990450414	0.00715525827927299	0.230720302440094
Marrow.granulocyte	0.974902844764867	0.034594647711461	0.975403663808418	0.978876918000433	0.990621150182811	0.000230619680812286	0.149669653384489	0.869954533959877	0.49874727959143	0.0257558110038518	0.0472139514045869	0.00023029810664927	0.729038421868538	0.595190044956916	0.00109752897491673	0.881659515991255	3.95722778440605e-11	0.739152723373565	0.198821295282203	0.0103668458088828	0.999941312624375	0.967571325375627	0.954840316803817	0.386959368589643	0.857282588007411	0.499666618971964	0.000229161125037204
Marrow.granulocyte monocyte progenitor cell	0.171013406822996	0.00257777468934062	0.00330457361694232	0.594117627512827	0.4905924196021	0.0233294791576677	0.946447658122405	0.36211945567382	0.00331482767885092	0.0123832226792493	1.71088979729491e-05	0.0232598111778187	0.242027721275973	0.0271142443835951	3.65820532992408e-10	0.295560345969639	5.06718708623737e-17	0.792280111127667	1.90836777688712e-07	6.16242889896453e-18	0.955810239471182	0.158173190937334	0.444543066189272	0.00256148867941465	0.275119252541867	0.00336656597742566	0.0233139832576503
Marrow.granulocytopoietic cell	0.866154955469731	0.0408157938512686	0.380219359095787	0.864241895523848	0.988933310160875	0.162315834702164	0.396296753634818	0.429461682034437	0.0261574784945473	0.0206386340728117	0.0374395884407491	0.162338097711398	0.431114699121907	0.529522110127501	0.00446489240922536	0.804142657875933	3.99067982848517e-12	0.811194929200677	0.0606252229562533	5.33762101070641e-11	0.998665086839148	0.436272237813184	0.431789165099753	0.123384719155723	0.183350285981044	0.0261776671475665	0.161115317948458
Marrow.hematopoietic precursor cell	0.420915880979087	0.000621137555080187	0.0644686009389785	0.407898802818974	0.0255764688941936	0.00422279846077026	0.886351775984966	0.238692241150553	0.153174699763867	0.0844059901697633	2.14454528660515e-05	0.00421399736825641	0.504984221484457	0.0678652250336113	9.21572195984248e-13	0.28074431466884	3.59593769991755e-16	0.432748939559742	0.00491418107747047	4.49827842423708e-07	0.0729310539537377	0.0178302793911457	0.520673399521662	0.0222175935784747	0.328672714709567	0.15355208586881	0.00420541107561379
Marrow.immature B cell	0.00970068095300602	9.01505279605036e-14	0.156456362422134	0.619646953066054	0.116973804421378	2.30587903598723e-12	0.342563447341756	0.431678120220613	0.0972205409782079	0.027782281835096	1.33523428572557e-14	2.35826279129982e-12	0.391132238905812	0.12796268987977	7.24604731460297e-30	0.155331020012079	6.29242419912234e-13	0.208984046441007	2.02533398220228e-19	8.55675928794958e-05	0.642189606276245	0.00483340550644258	0.737082598166464	2.37139599236839e-06	0.0784871389195559	0.0953334230610841	2.41771564208923e-12
Marrow.immature NK T cell	0.590453770143443	3.19279903351977e-22	0.93969294535552	0.995345744126299	0.99582386626803	2.65483270452705e-09	0.453698986535689	0.997917481037665	0.717579116950307	0.48210836838718	2.50787837813237e-19	2.66824478070922e-09	0.948838098611678	0.368208266009694	6.43327305154554e-25	0.989069644571466	1.42632711385307e-07	0.97932364207705	5.44776779988760e-11	0.000584493035562675	0.998647911097496	0.982525912230743	0.972670293040469	3.77399077816675e-08	0.790208205822147	0.716757830499288	2.64845489594778e-09
Marrow.immature T cell	0.143174454421416	2.39027006344914e-25	0.276803406213471	0.920875190912628	0.937926886309139	3.43670976306915e-17	0.30017011514628	0.94000819247281	0.445411678644146	0.259086491659043	1.84798452624191e-29	3.51071780836189e-17	0.715459212203821	0.406970605223544	1.86606455883045e-29	0.194739044215445	3.50744667301892e-07	0.440263548768229	9.34297229706484e-17	0.00412234487866369	0.996691875923507	0.625111147687568	0.943477086667942	4.31755563359273e-14	0.196926790622767	0.444960225880767	3.55695740307311e-17
Marrow.immature natural killer cell	0.66650555500498	4.46252500119017e-18	0.993548174563876	0.998499705411111	0.964982186938183	1.22694680652196e-13	0.327663379934157	0.999263756705578	0.530862554207739	0.42665896081979	5.39545924127538e-19	1.23814637396502e-13	0.93092762097209	0.386341365099436	2.50223118065488e-22	0.999914426054811	3.23184128120835e-08	0.991482777159222	1.61982246563775e-09	0.052335239625057	0.996389017015832	0.999092790549068	0.987391029825951	8.50822910504418e-10	0.9597303178419	0.529918464736511	1.30444766146547e-13
Marrow.macrophage	0.576430852077901	3.69287893356234e-05	0.331999235601501	0.438039574387359	0.154148432596945	2.98735014890651e-07	0.924645089111965	0.291351614972642	0.166550300907742	0.00989005929765743	3.58356699559611e-08	3.00655855703805e-07	0.253720617202567	0.514722242219162	1.15153144467521e-11	0.670623001408576	2.12602258621277e-08	0.0178594915513703	2.524449878733e-07	0.000931902997885685	0.506660936297405	0.272260744328455	0.452290264459349	0.0277592241597586	0.15453632310255	0.164842016884666	3.05214118661643e-07
Marrow.mature natural killer cell	0.191175295444819	1.30869136368733e-15	0.978444917873985	0.974979810461198	0.991744822275191	6.19868622464557e-12	0.647729665497114	0.976342620852805	0.339969121239215	0.453453445081329	6.30153902063217e-17	6.19696817540084e-12	0.777882338228173	0.199228352532176	2.94476741369184e-22	0.984130971840509	5.25334982296555e-08	0.94398651049878	6.20327363485719e-09	0.000314518495970353	0.99474896689866	0.962944168401964	0.843313715750186	5.21837955743519e-08	0.652378813494727	0.339076025613671	6.05375394114289e-12
Marrow.megakaryocyte-erythroid progenitor cell	0.39321180104381	0.161286746629024	0.0314312532186985	0.537833618606971	0.245876158563217	0.618751464304802	0.925340062705132	0.127968566709132	0.0783485852388238	0.227869409959554	0.0181820987139905	0.618212813176631	0.0272845710085783	0.0477664747431372	1.41552858522764e-06	0.207580805615542	8.1899506335622e-08	0.359374947120035	0.0346778427471288	1.77570694419539e-12	0.141640332320654	0.100593737154404	0.324263861429158	0.46259581173882	0.609102517748357	0.0793311128785106	0.618533632779337
Marrow.monocyte	0.521534318592194	0.00283057519079964	0.93227876077332	0.999833152940988	0.980837445114363	0.000695229125174227	0.643090808516217	0.971851598995446	0.156098121257885	0.00340199204447046	0.00149114069245073	0.000697901602909457	0.733221573106168	0.147817568026993	5.83693287588142e-07	0.905417005456279	1.06039493205394e-22	0.898970237315982	0.00209630462525991	2.26787606333979e-08	0.999852029681207	0.784222002953068	0.994622405673186	0.052917885022948	0.958954531228061	0.155553402627738	0.000680011256879643
Marrow.naive B cell	0.187342587694783	5.7471068477251e-20	0.530305904729683	0.914850053567371	0.38983755586941	9.89729131859167e-21	0.158054555725177	0.566659146691028	0.257935523219796	0.0099020891284361	7.8602921662451e-22	1.02066033658398e-20	0.58349204434567	0.171177165496239	4.47133490533112e-29	0.0896884863444361	3.74153257665214e-11	0.0756845917558822	3.17399843445791e-25	0.105114119869686	0.845863190865537	0.0564996240985997	0.762896801481086	5.22263093959043e-11	0.0898588497889505	0.256006788998707	1.0253269248965e-20
Marrow.pre-B cell (Philadelphia nomenclature)	0.225335434908146	1.31805886179757e-07	0.728813924762346	0.987215854195314	0.482683685638514	1.77340862770265e-05	0.489023660227972	0.425899866973175	0.836526017025749	0.526683285183694	2.40543481605804e-07	1.8057475331391e-05	0.869643590012979	0.442191222035471	1.34983340380536e-15	0.353754784693247	0.000917496154563456	0.71223332625641	4.84225677566086e-08	0.431014649615517	0.813609029231984	0.53132188409992	0.901498807868467	0.000681697521400898	0.216417571122455	0.835470513122489	1.75233010541514e-05
Marrow.pre-natural killer cell	0.362314299786933	7.97687074112033e-05	0.16319781439535	0.785315871534204	0.937742005686147	0.00258062842758952	0.863515764317195	0.471326342006971	0.0299274972614542	0.479234942548896	2.54895911758168e-06	0.00256966602923663	0.0980408584421262	0.307635836711581	4.21131925469468e-09	0.847419242881981	0.000331819596279652	0.984372923703102	0.000527786929630508	7.99383163287737e-14	0.950300125012561	0.279711953622774	0.457838037525216	0.00325853771042221	0.506899126025683	0.0299653680474562	0.00258730705954171
Marrow.regulatory T cell	0.793369237998174	2.7625391659218e-29	0.284283320558852	0.967290318030095	0.825653774464593	8.85824833486411e-17	0.303657169645325	0.996145082001617	0.513133798892749	0.568488274117461	9.36686243283399e-35	8.79541614168675e-17	0.635504257428298	0.2923523562482	3.21404404631317e-22	0.69688062360051	0.000355901137467563	0.704926252194303	5.11702178176205e-17	0.0680147637759926	0.880743361154189	0.857591256036996	0.978811993314459	4.51171243883582e-15	0.652612890482225	0.51312994304374	9.27805670583026e-17
Pancreas.acinar cell	0.426899568299343	0.483734698036577	0.598795139853761	0.0244336645784337	0.00652637129995477	0.979989341674196	0.0851232892208931	0.3071027615592	0.208795194315039	0.433815772273835	0.76720830321287	0.980130758315105	0.216009278157026	0.72556101100525	0.8952272986622	0.803262367167558	0.983075154709591	0.781470277069005	0.532247259444066	0.42071913716368	0.138374677168978	0.979388389148761	0.443631470265151	0.183399933652737	0.118927523783081	0.208921544114863	0.978974573972519
Pancreas.beta cell	0.835269538918975	0.99999965759823	0.000148206354962702	4.73852466727476e-09	0.039450017018375	0.999983651667042	0.487185751621613	5.89371174520242e-08	0.888428942543047	0.973882185211708	0.999874439150515	0.999983577894568	0.0416784775137353	0.997526901414404	0.999806558148468	0.000223531579215635	0.999999893736526	6.96537971598144e-08	0.999996834244975	0.980044461504211	0.740026267813994	3.21346564771359e-07	3.90219729752662e-06	0.998777863734633	5.00610693478364e-07	0.887420930944103	0.999983821064878
Pancreas.ductal cell	0.366937253077128	0.525941870522217	0.403780363755256	0.7880220713411	0.0494606772854235	0.999840418672579	0.0272557637077947	0.569182774834251	0.609796470147745	0.670162172211049	0.976501351731469	0.999839839177571	0.746631103757576	0.59428021753523	0.999277008190956	0.326528112390547	0.999839456138818	0.170133256636977	0.987783548488457	0.993739403614082	0.00981711913562898	0.754156948759099	0.590648746680783	0.482998103824927	0.352359654529729	0.608535778590854	0.99983941918555
Pancreas.endothelial cell	0.184071846914162	0.976561350118513	0.997541103140088	0.841137989081632	0.00131890721614236	0.9980146994097	0.470048050371674	0.984367598029557	0.853228682407821	0.0754107984161522	0.985978202090889	0.998009579834637	0.855214248822278	0.686581453073052	0.176208797688303	0.825633806454268	0.107697334534181	0.612417781815836	0.790295162635717	0.905508783716582	3.92718144024988e-07	0.954552564871977	0.989332812047211	0.399362803006903	0.654213279868628	0.85323001891747	0.99803094986838
Pancreas.leukocyte	0.129010511461539	9.01885399646884e-15	0.979497884033549	0.999982479746129	0.261241658368257	1.66597002298283e-09	0.638975571600387	0.999267129709459	0.162414269929401	0.0017732447707867	4.89394842724122e-12	1.67432074041452e-09	0.773041952400395	0.156258402904262	3.37169186673558e-13	0.989975010806654	4.70633863719677e-18	0.868641745272005	1.59704037314019e-11	0.0468467655229781	0.989845783617761	0.975481954803283	0.998635060433493	6.37627407043868e-08	0.866626302481153	0.161784694907141	1.69446776958221e-09
Pancreas.pancreatic A cell	0.863976240191633	0.999895553298451	0.00160035248427799	6.36775737116325e-07	0.410800274166162	0.999768867925309	0.563515713626726	2.67103109085213e-07	0.993593500021192	0.994358004052257	0.999816816604885	0.999767774748818	0.00425056849815696	0.999828523252283	0.999999904826642	8.57235847387278e-05	0.999999994714784	4.15926133207922e-07	0.999821781887179	0.999723612039855	0.503144495039054	9.3907464228884e-06	0.000595957145484614	0.999658222178666	5.98150502652507e-05	0.993467437034316	0.999771409460198
Pancreas.pancreatic D cell	0.946237659069706	0.999999717647423	1.90921970847151e-06	1.81834413282417e-08	0.19132704949682	0.99995606573587	0.284043068135595	6.07668983521261e-12	0.986442568368774	0.997483750349502	0.999996053045541	0.999955852310909	0.00525528532268827	0.99986027673862	0.999999999956683	4.52775479414064e-08	0.999999999999973	2.1850767243957e-07	0.999991897852051	0.999999549817368	0.501026962270981	2.156533836769e-07	3.37265002497134e-06	0.995002857853388	0.000216735117514849	0.986095589927788	0.999956677506159
Pancreas.pancreatic PP cell	0.75208937573525	0.999910849622572	0.000127576284528218	2.22738199502526e-09	0.09591594557734	0.999311155505385	0.311213840606225	5.76993914855085e-10	0.944726993979632	0.917405978841436	0.999897406463718	0.999307623772757	0.00115935872288987	0.999709365683898	0.999999951169933	2.15047038928113e-06	0.999999999022459	1.27265965288049e-06	0.999976035912892	0.99834263686817	0.33046364885443	3.21833158548679e-06	1.97822684039637e-05	0.998515428179894	0.000658355017970227	0.943929742055282	0.999315276861222
Pancreas.stellate cell	0.0850192783609294	0.998420485521995	0.997809091879358	0.354047665078323	0.0149622447929261	0.999730473836797	0.549323303608681	0.907740596900813	0.891429717953294	0.900581950327158	0.999746197594643	0.99972916294544	0.764499497716585	0.99099315500641	0.99999802921375	0.914931222154149	0.998340024915636	0.887854699838862	0.999379623993158	0.999999997314279	3.1161379963662e-07	0.924044006623477	0.882622746581216	0.887796976296423	0.894380174430122	0.892345992221055	0.999730931343819
Skin.Basal IFE	0.387769831721228	0.986141536579532	0.828145588983766	0.667353250381382	0.433692671614631	0.620497774812452	0.809197327175636	0.238331856226103	0.893627346422242	0.855877169995819	0.948422783210819	0.621727475818208	0.860951710646605	0.568472877100467	0.991648782902106	0.232982363476357	0.952842633015052	0.973448488238317	0.969674245929198	0.463643723537375	0.234109709663129	0.961642750538852	0.452543440855075	0.984353647242446	0.94949148978675	0.894643903609139	0.61289546840765
Skin.Inner Bulge	0.118098862857329	0.965666817487171	0.490499976027868	0.220132214618803	0.147375026051472	0.88019207801	0.782517979261799	0.302492256781828	0.711970357019448	0.881826172520932	0.883694180220625	0.880440759596364	0.852036103205562	0.567412593181275	0.992835199785164	0.152498603538046	0.92653521699113	0.147270212196346	0.951683609052405	0.975565704231309	0.430148481466706	0.153047483496633	0.628155816650078	0.980726854414678	0.776142530902227	0.713453695508779	0.879611569588981
Skin.Intermediate IFE	0.288932099393677	0.917203842871015	0.740473502954949	0.951405581631432	0.739080322708546	0.51777838102798	0.886355427766657	0.533699515807905	0.649489835618736	0.754305904333934	0.972102882928795	0.518527210869278	0.920358717613905	0.0696386108150031	0.966224254830631	0.38501077784828	0.886978283547173	0.908163902741582	0.905333791325152	0.016937684194078	0.827292384764605	0.969246019278969	0.665878631815595	0.972531567153989	0.795098936631627	0.651729564961636	0.514804783878667
Skin.Outer Bulge	0.214028588168829	0.999563613270539	0.775792838111286	0.248124141309824	0.331905897256453	0.980172918089562	0.856863181516258	0.118082634060688	0.478260037790663	0.915921651930904	0.991612966153234	0.980280983465297	0.838252916180488	0.92772853654307	0.997167691842756	0.102178555369317	0.990249454615456	0.124586897937062	0.96924348509175	0.994913280100608	0.163581701882862	0.121690612868148	0.477800392992175	0.996873622126238	0.721087838077373	0.478201944302911	0.979266401483153
Skin.Replicating Basal IFE	0.325258333083507	0.999911669094058	0.209021816221088	0.230674528968895	0.532189776348771	0.995198878669411	0.510000742165172	0.0168530096708956	0.158183302209553	0.773537018514187	0.999069325481782	0.995220487616883	0.121065352478891	0.523014367060793	0.998447114912126	0.250745254876333	0.989957968958351	0.952717159331272	0.969039123359672	0.000217479114978072	0.378090746894057	0.489247460584102	0.0641457085189728	0.999875956346295	0.776476302732729	0.159147797010572	0.994989581627713
Spleen.B cell	0.341404841951894	2.5860809759298e-20	0.627256802520804	0.930952805725191	0.348717582498572	2.48176056819392e-21	0.378751108466772	0.90802754784088	0.130869786030024	0.0198677090994983	6.89473695919491e-21	2.51208841127544e-21	0.311773832409816	0.149566373839961	7.53312784353027e-28	0.0616982702892967	2.00755832946455e-10	0.157202188029976	2.06956920237042e-26	0.211266547014735	0.84649711005968	0.142872015088379	0.828726017623036	6.9222953909767e-12	0.168128132615793	0.129524041962	2.59134931610937e-21
Spleen.T cell	0.486174559358742	1.29388562685409e-28	0.555887640478806	0.932845736177731	0.814104715176439	7.25811596838017e-16	0.252041900327863	0.959613378436216	0.588348591209305	0.0814913974417415	3.32108975930699e-33	7.48406073684847e-16	0.893490094630846	0.37300471170962	9.96082511331207e-32	0.553451001418804	4.39602258949531e-05	0.764399049946502	4.37016339248828e-19	0.0130712987670126	0.981730757894236	0.931497370448428	0.86990470536672	1.08894801953423e-18	0.406300241913049	0.58857523822872	7.67434003377606e-16
Spleen.macrophage	0.374374094042057	6.70331269739993e-11	0.976602568370539	0.980205403836033	0.944142785445144	1.10586731849417e-10	0.56255506721222	0.999426633215146	0.829370901987795	0.848163564446176	2.75870341722586e-12	1.11519960567065e-10	0.892918136929247	0.590686966503891	4.83064847391124e-19	0.999979898014507	8.47148239958003e-06	0.985877016866911	1.15273780159155e-06	0.203331361669511	0.990985438409648	0.993779211885673	0.958164451219605	2.09136230853915e-06	0.752790520291237	0.830094968129134	1.16336706660093e-10
Thymus.DN1 thymocytes	0.943715088249289	1.82075726302799e-20	0.903155429340892	0.997682785172689	0.996152527438638	1.48675645901891e-10	0.87417397746628	0.999984775440448	0.221810777974071	0.408596693866658	5.38130537992005e-25	1.49717518425439e-10	0.918040820755544	0.375157382632789	9.99477196196193e-19	0.927533955276121	2.13587134392347e-05	0.941161917163105	2.05122581051347e-11	0.125016129044166	0.999877747277035	0.991769108115541	0.943778065272912	7.18457413355786e-14	0.737071247005349	0.222276789113699	1.51207795526739e-10
Thymus.DN4-DP in transition Cd69 negative rapidly dividing thymocytes	0.654484942313843	0.00166844927103679	0.00550899586635604	0.397685504692701	0.50676363096915	0.0836085036490349	0.716518667555131	0.128568176833352	0.00123952458126818	0.227009063561718	0.000121908149606817	0.0836551003769274	0.254610061905552	0.488609137424057	1.35012079331001e-06	0.0912878526824032	0.000110804818374029	0.227894616836151	9.26281055846516e-07	2.9292964299895e-09	0.656516194844182	0.0148050560167996	0.559089187137387	0.0375139271099811	0.0264653175828045	0.00124528102172186	0.0833107161869154
Thymus.DN4-DP in transition Cd69 negative thymocytes	0.925934762099846	8.50954211494706e-06	0.654939689692167	0.548414579577783	0.78525423234639	0.00157087244704561	0.836416515230486	0.569402858658607	0.72117670613406	0.435204977526554	2.79046507302601e-05	0.00156676715485423	0.886472250376462	0.912056438702269	5.16629850549892e-06	0.21621077932135	0.0105648117983044	0.238604582218314	2.5786996430255e-05	0.672688227840138	0.944738845980553	0.857753828782238	0.894386907257866	0.00309225892522999	0.132534384592649	0.721035944058251	0.00159478055954152
Thymus.DN4-DP in transition Cd69 negative thyomcytes	0.874996433910541	2.03786814241908e-06	0.0334052767883122	0.226205431088341	0.439287049556668	0.000559376868387529	0.793648998349344	0.450482440169177	0.442741429129194	0.146047681955364	5.94202539441848e-06	0.000557632604695894	0.452786327369514	0.639118851860697	1.96620407204211e-08	0.0258061848085506	1.69368936198198e-05	0.056998371416947	1.09182718026677e-06	0.0243479445543432	0.656644254624342	0.154672107621559	0.457046483120318	0.0117997408210588	0.0536824585875169	0.442454602288561	0.000566737872055389
Thymus.DN4-DP in transition Cd69 positive thymocytes	0.712155002548451	1.59414334373697e-25	0.234988914946304	0.582382465695056	0.674020903655899	6.07475353265128e-11	0.62225098503156	0.667599168274714	0.262931186457818	0.0288482462705456	6.00313183842684e-27	6.22518639605023e-11	0.857095560124321	0.364234941408491	3.77678835580142e-23	0.293384973606535	1.9875930833965e-05	0.727198738140431	3.19990197877919e-16	0.0921464398950497	0.977454467971293	0.681500891137067	0.527967214192618	4.34909842946707e-15	0.291415407256809	0.261138292716198	6.22140035970344e-11
Thymus.antigen presenting cell	0.723188839367178	6.47725018163841e-13	0.979916685971448	0.993617442269271	0.239262213164175	5.00152952255249e-11	0.847333960381541	0.995248641558289	0.231919095016134	0.00404221417392137	4.56828228070224e-15	4.9752567979857e-11	0.310442744990662	0.0290241815748116	2.29812009369681e-16	0.863742781180831	1.62228258705065e-10	0.886583500456487	3.17943424239396e-19	0.503064925778622	0.663959555541911	0.763747615697455	0.996786913649881	8.03983551274321e-11	0.264549372952016	0.230980235623314	5.18940952032740e-11
Tongue.basal cells	0.0548484460354336	0.999374088284629	0.490204956914711	0.281664684737736	0.786314483067344	0.804980966215133	0.306385011242219	0.0172272007298521	0.828632000235829	0.708008699107719	0.993661133843304	0.805637191948499	0.908394270992275	0.739141584107945	0.998945242191641	0.705722272478361	0.969676305019664	0.665645270758588	0.999011164126437	0.00801617278901049	0.30654624345875	0.857571577910613	0.186284618294286	0.999907962100528	0.616063464147156	0.828831113109891	0.800394201845389
Tongue.differentiated keratinocyte	0.460506156847529	0.999880485441204	0.855697382042473	0.939580339642512	0.98522549262158	0.651124470688977	0.943044796221102	0.662872323625603	0.766872494418932	0.831173323667764	0.999790126526633	0.651201339118855	0.994732033052155	0.554877427207889	0.987379784521769	0.993598724095017	0.974368937554507	0.997045151324049	0.999260395288464	0.00197729351766124	0.954890942583923	0.998685041284768	0.940902409002695	0.999983755238536	0.632788112245034	0.768418203787275	0.650068414893813
Tongue.differentiating basal cells	0.449492474081644	0.99812106953875	0.936276281916944	0.45823814057782	0.979048558494433	0.505552522903177	0.920992311272114	0.43439048293164	0.692281523590349	0.952206181251507	0.999572998853286	0.506087332397588	0.974012664583827	0.843000715325461	0.999669429245568	0.982776075125582	0.939959320796501	0.957784420367946	0.995217774154574	0.0882019782738477	0.71366068927296	0.996804163449792	0.827066251154212	0.99995277740105	0.656434072032654	0.69200225023293	0.502493103643193
Tongue.filiform differentiated keratinocytes	0.325593712967368	0.979519696015872	0.971357637704416	0.127165593000705	0.450116946794026	0.51101658686097	0.952073511289181	0.303252764345964	0.741632713677861	0.640719707768927	0.987109332778639	0.511194704768644	0.659301711966139	0.915922518622697	0.996715125328179	0.865223473197307	0.750064037651236	0.890576902612035	0.998980574952968	0.0225884619970239	0.466833802089704	0.963251618925745	0.118185923457805	0.999299695024312	0.790792919029369	0.738766121917954	0.508831795713583
Tongue.proliferating	0.248065262394628	0.999984358804903	0.35194472315562	0.489753754438112	0.833090291553812	0.943602366014095	0.299074784986873	0.0690610837143251	0.548863311236344	0.711895015024055	0.998096495675794	0.943670870376357	0.716197722997623	0.654061656897497	0.999312049048492	0.922097664836963	0.988106496363706	0.965093171172231	0.997420257263825	1.47137942988994e-05	0.490341959229425	0.813967245691759	0.182731392301861	0.999918762224189	0.693657581045436	0.549782411251808	0.942671702099398
Tongue.suprabasal differentiating keratinocytes	0.800753820147796	0.993399858686962	0.942086810869567	0.7878039406385	0.853457048036886	0.522431265835307	0.977872775894652	0.890051520052839	0.475335259600598	0.839983009171826	0.99912472693308	0.5228017234794	0.925635706628341	0.823051467230437	0.93714332351344	0.998118809526014	0.736292929202015	0.992658462863404	0.981837031947156	0.198431102753521	0.931704759975408	0.999019615494631	0.746665892905035	0.999841930274489	0.470686117229863	0.475845863719351	0.522877886251575
Trachea.blood cell	0.447802731307757	1.56694797808924e-22	0.76296834267115	0.999917466917148	0.74722339811005	4.50171087886432e-21	0.739699199174727	0.98889435785841	0.0809017790568015	0.0102989622320574	5.23904281031416e-25	4.51239486196353e-21	0.76867237020437	0.0167152003240827	2.05956708529522e-18	0.570433432439732	2.42589837364788e-27	0.584950767566327	4.80936500202261e-15	0.00382292349443918	0.99828283045947	0.826483919735339	0.831616952231081	4.4212102944035e-10	0.896860275162142	0.0807820649272355	4.7650036785146e-21
Trachea.endothelial cell	0.0157820165115498	0.704746455222863	0.812866236703633	0.667515807301693	0.00803836888774562	0.565290633085857	0.293445829600687	0.849010998631154	0.357732735873644	0.206308416475271	0.600829703023074	0.565181362534244	0.645978358954343	0.35727583418168	0.00100193322684553	0.496098942079799	0.00150657219289212	0.491178697186026	0.481716965193487	0.948507466499913	1.39402492850866e-07	0.659575534917264	0.942644180167821	0.264875749420535	0.471963179979303	0.357466021972911	0.566613123438613
Trachea.epithelial cell	0.897806484328561	0.377673984292303	0.978445848466492	0.102048797459672	0.322584181920628	0.783918499922948	0.138212320592135	0.572515322781448	0.988533117774253	0.989766680638531	0.449710051952409	0.783880298251261	0.462225207476492	0.825397759779642	0.996659390643069	0.932228684963387	0.9981820863791	0.903932150899446	0.843362114777759	0.999981352388678	0.0291577365390002	0.87161619472381	0.602827391155429	0.473713954801732	0.247172388279795	0.988493100383533	0.784792291915686
Trachea.mesenchymal cell	0.181716093442172	0.999998089098537	0.99662951872108	0.529475428231046	0.868562543665391	0.976950126991968	0.816845845974086	0.854439307215924	0.994242097959675	0.996965951471405	0.999994272348312	0.976947960350693	0.549211865726926	0.997911782305452	0.999999984134114	0.448736674702696	0.999986630151116	0.677450379213304	0.999834902677492	0.999999999996704	0.000111238835303092	0.912392600615964	0.719235065845623	0.936983879014774	0.993735047258057	0.994189733127114	0.977139807737253
