cell_type	AF	AID	BD	BMI	Cardiovas	cd	CKD	College_edu	glucose_q	HDL_q	Hypothyroidism	ibd	insominia	LDL_q	Lymphocyte_count	MDD	Monocyte_count	Nrt_new	RA	RBC	SBP	Scz_new	Smoking	T1D	T2D_2	TG_q	uc
Bladder.Basal bladder epithelial cell	0.000560418851720131	0.990411630527264	0.981270553183847	0.668678157653337	0.782640403653791	0.993019228360024	0.106557702356423	0.520359895521742	0.873108436975648	0.828551187913842	0.999030883191169	0.993024826085879	0.0823439051383088	0.914963938494668	0.99999195377957	0.343217285460677	0.999997021109878	0.856744744827572	0.999660941071162	0.45626343727515	0.616819956340675	0.545983504165333	0.35298578372741	0.99999518991473	0.763823672757251	0.873891505215327	0.993024184717718
Bladder.Bladder mesenchymal cell	0.155491097626155	0.999531655618858	0.926607858595438	0.0505099504965136	0.57402329841303	0.501223119106649	0.468257473155445	0.798270777350406	0.502979638431628	0.582935639422992	0.99984292949797	0.50137657477299	0.371613264292013	0.972867835709795	0.99993921558664	0.43296409199706	0.999370285530162	0.349563508278034	0.862459517191742	0.999993161589791	0.000245024984867127	0.53810572472221	0.242548066976547	0.697821742665529	0.903418680707069	0.503988053377097	0.501274394200653
Bladder.Luminal bladder epithelial cell	0.0703402886864692	0.956947167645351	0.966366535332218	0.955079833200906	0.784181785098054	0.995713736775124	0.432143407477984	0.935375382423028	0.85676886291722	0.852247615766144	0.997857123461198	0.995744343596175	0.166249575782153	0.641106264586036	0.999973894293701	0.884958109385217	0.999998426326768	0.967672112835223	0.997658193334165	0.502936539012703	0.894435058724425	0.848129678665285	0.762344999554189	0.999744382218905	0.898291021364475	0.857421117516488	0.995726540142584
Brain_Myeloid.macrophage	0.954919751838772	1.34950914344392e-05	0.827010234832211	0.999830217347169	0.748227184395382	9.6870893712615e-08	0.858289107904323	0.999844162942776	0.0948860412251745	0.0147320066770491	2.08412590601948e-07	9.91759409006316e-08	0.643365558094025	0.618457546634693	1.42416292268247e-07	0.99997893840211	2.80534666073124e-17	0.998516026973437	0.00473471800270044	0.0404449077604731	0.9997998230239	0.994709812268393	0.984601085914935	0.00112042475287929	0.978906848233865	0.0946876167202888	9.85557070976913e-08
Brain_Myeloid.microglial cell	0.953617291062392	0.0472034320984343	0.896435995281697	0.977391360815738	0.383710597703683	0.0314952612852674	0.73373547010885	0.99612536195832	0.631183405902287	0.250437673236585	0.0138279724437729	0.0317780714448774	0.848956568386985	0.838439726954673	0.00883237913500903	0.998047183272005	0.000524083371520351	0.977635101372383	0.478975327734541	0.394615689922597	0.936552996413474	0.969935132901652	0.879219475859824	0.112860623983075	0.925526785580171	0.630791261378249	0.0316874510887685
Brain_Non-Myeloid.Bergmann glial cell	0.587734640860529	0.999557191230456	0.000306554128277227	4.86852531469291e-06	0.899274124095571	0.998954201930974	0.56834847650135	3.19725951630733e-08	0.994998111840445	0.990300594852463	0.999992885990361	0.998966660481311	0.150701304025151	0.9998762042044	0.99999551187588	6.39222623409514e-06	0.999999979337239	1.15403487461508e-07	0.999999991581561	0.999999988765028	0.742358033760132	5.09249371306963e-06	2.31311479323062e-07	0.933049227547339	0.940155836260518	0.995024177736788	0.998962464376898
Brain_Non-Myeloid.astrocyte	0.6375832062862	0.991350225220324	0.000104550944611921	9.98437297794329e-06	0.993442557669518	0.990665933434481	0.515072025071459	1.8521430822213e-07	0.928871407558135	0.896673616769043	0.998992404572906	0.990728257366211	0.362427596061167	0.999866231403706	0.999988091131684	0.00174538161688519	0.999999728906569	3.88180980027975e-07	0.999994135864035	0.999999997303461	0.908391822390435	0.000484527644118174	9.95725217721768e-06	0.918810651451421	0.940349131333899	0.929180297262244	0.990704049998295
Brain_Non-Myeloid.brain pericyte	2.15725173815588e-05	0.997656898289794	0.0653702481879742	0.000469736573818703	2.93349513770439e-10	0.995084310330908	0.000778807415497667	0.017494476868842	0.019520569061237	0.0369790056972707	0.977462876872494	0.995102085733344	0.0029184966555625	0.51946824112073	0.698082778824161	0.757476554251205	0.410752574050327	0.0928964182229526	0.993488411052067	0.59462373126876	5.3734918835365e-18	0.82990371770979	0.460242648687653	0.997662757979492	0.74361986560399	0.0196505064714495	0.99508072555052
Brain_Non-Myeloid.endothelial cell	0.0164633490433416	0.931570092062704	0.917208833852282	0.870646295316512	0.0482604304313445	0.316859052941673	0.427726137776379	0.879131129967402	0.231458336967903	0.407343624441878	0.951493617322516	0.316164755168437	0.400200031904055	0.389113555518545	0.221583395396877	0.451951504058673	0.382622214219397	0.662467483280644	0.960864394082856	0.957798635922616	1.39347780033611e-05	0.849681515407557	0.710335337680355	0.785149093607407	0.957295080424368	0.231359722612817	0.316408394035424
Brain_Non-Myeloid.excitatory neurons and some neuronal stem cells	0.615532018792553	0.999997762428698	1.44334220755031e-18	1.72577674117308e-34	0.341212513454533	0.99995267489638	0.262282046474625	1.00787634539127e-32	0.84210773325147	0.847486579671717	0.999999926685187	0.999951432965027	3.32870507215732e-07	0.999999831080264	0.999999999998452	4.42611479177204e-24	0.999999999995587	8.03557832103043e-21	0.999999900918683	0.999999959705917	0.565638406086583	2.10587904310061e-29	1.13734978243901e-20	0.999749346851619	0.0730700002137655	0.842396603371497	0.999952111765217
Brain_Non-Myeloid.inhibitory neurons	0.532032049965556	0.999998818356592	7.25716653231202e-20	4.05049346440657e-24	0.306184973932672	0.999650816671768	0.12601365781425	1.08221042257496e-32	0.982425092843712	0.947841485635491	0.999998185658133	0.999646715870956	3.66054248220766e-06	0.99999987006573	0.999999999999864	3.53688676882522e-22	0.999999999998549	2.80961858726875e-17	0.999999989679648	0.999999997579417	0.343185270236936	4.4993870825246e-23	1.94259349475547e-17	0.999948124250563	0.208889598176969	0.982459454786867	0.999648877087272
Brain_Non-Myeloid.oligodendrocyte	0.490694853749418	0.889310720854394	0.0296861251786685	0.00205625971166682	0.779176548298263	0.884256794688399	0.253222360691802	0.000836336571239283	0.512660719875039	0.557925392700705	0.946589784637141	0.884254383129412	0.00171943389128528	0.961343644754006	0.995306426491758	0.00906532962109464	0.911024686047684	7.51493874447683e-05	0.955613175957755	0.722267992980787	0.655650842513168	5.38946486265882e-05	3.19495238161128e-05	0.770878783874697	0.643429685523475	0.512249353417926	0.884398894951835
Brain_Non-Myeloid.oligodendrocyte precursor cell	0.765823202158166	0.999809634023929	1.00408581429523e-07	1.24526924599926e-17	0.789193615398445	0.999973287190459	0.542096987109259	2.48631119017228e-16	0.985297037557128	0.96172327689671	0.999999907867371	0.999973377815875	0.00273129281272443	0.999999819425091	0.999999999942114	3.22721970611655e-12	0.999999999998437	1.47766286799449e-14	0.999999917975916	0.999999999867527	0.685187475295367	7.59177107320915e-16	8.4767561563161e-17	0.97889768391655	0.651006821421817	0.985444726775786	0.999973424852563
Fat.B cell	0.812285918775514	2.10540220235248e-20	0.909326042017834	0.998684176196395	0.711428061511897	2.08176206385881e-17	0.840282445939224	0.964410133930668	0.536512969691324	0.187970096380351	6.38819551610175e-21	2.09293080477812e-17	0.649793010078042	0.190918795077141	8.37610869570865e-22	0.649827743515954	3.77005237884161e-07	0.50806618679503	6.35741004174065e-23	0.66290865492592	0.959269931555604	0.750148913305104	0.84659813715454	2.23098118282773e-14	0.142017893515918	0.537890890779203	2.05622910338186e-17
Fat.T cell	0.659996909504853	2.1899551396544e-37	0.154496693674961	0.996351432214986	0.847374851761903	2.66790806014421e-24	0.694373831767955	0.909294602893773	0.986228415907212	0.664620812957937	9.92883308191831e-37	2.70724624344058e-24	0.787630159007628	0.725901361991478	1.34167469839066e-23	0.708901198950581	7.12398403021501e-05	0.917562691325276	1.15571880034904e-21	0.0705975101564226	0.998062805144171	0.890463549051605	0.97689251374991	2.39464535073319e-19	0.860862067944991	0.986143803702247	2.63281657901352e-24
Fat.endothelial cell	0.0469650055022298	0.873203976073772	0.944396472551794	0.931650156129154	6.54502255458102e-05	0.703368038269396	0.429444728807881	0.942528800654911	0.133963883038587	0.0188551364159259	0.905878894634452	0.704202040230404	0.862649208125894	0.275397968626789	0.00418892586814923	0.533637709059416	0.0264617347071549	0.780738772142216	0.761200285563366	0.985283873188268	8.74776878012247e-07	0.965919208514231	0.975587418930683	0.556989887980539	0.904446663043933	0.134027881170353	0.704029694143659
Fat.mesenchymal progenitor	0.141296002252529	0.999804954338981	0.976872752325719	0.58333932507099	0.611416853330401	0.673217194469363	0.790643744391462	0.98750104048084	0.677410009621852	0.856342434037112	0.999846990628252	0.673185183591808	0.82585420206211	0.962601193810292	0.999997889424586	0.703444690413468	0.997838074740687	0.735432006311322	0.972578090419011	0.99999964144762	4.71259004816855e-05	0.94021122131113	0.921475201604222	0.937798292597703	0.962533705463843	0.671462486185909	0.673377093186234
Fat.myeloid cell	0.975707152383589	7.75415058708275e-13	0.976729937005192	0.99999983176689	0.971515193045181	8.1701931946592e-17	0.750859652688985	0.999552741166157	0.224152295289041	0.00494925948787766	8.35558212793812e-14	8.72712760824507e-17	0.990586050345264	0.000615096682520227	4.1592691593438e-12	0.997551632477742	2.3560191193983e-24	0.987912544492334	1.19462517394681e-08	0.00706747345969377	0.999967486151539	0.98966669304679	0.9943109482566	6.65110033513164e-05	0.996262222848126	0.22333946857952	8.5648285709757e-17
Fat.natural killer cell	0.99308809391362	1.70835700043421e-13	0.977892580085054	0.999712066969553	0.995797202292146	1.05985984143277e-16	0.84501154387489	0.999863809045452	0.98722763692695	0.982320559337591	3.70280526293816e-14	1.06976606163101e-16	0.988204746066645	0.516991816118602	2.39721487608482e-17	0.999964295011149	1.04388408214776e-06	0.982465076273535	1.49384055703634e-07	0.488925967086186	0.999364633283704	0.999847256013379	0.965923323387798	2.85429230974699e-07	0.965606452586307	0.987223893608732	1.05055956503904e-16
Heart.cardiac muscle cell	1.52168244848213e-06	0.999686878932877	0.639876935665535	0.54582507958776	0.0408201850880511	0.997675088500382	0.0111858299989577	0.613134602368365	0.108434804456675	0.5183335072721	0.999851607110619	0.997666421564074	0.0364000134394925	0.657675724798875	0.996393745441445	0.66159995992885	0.997067299862143	0.859296776127491	0.999850763412915	0.72082789369252	0.0395211028713081	0.676793694501341	0.384307713573201	0.994504912684187	0.0212743900205691	0.108498518143039	0.997676801971833
Heart.endocardial cell	0.393155213134414	0.999279336998609	0.791046714898243	0.963988852639145	0.0892275538286025	0.992101665153742	0.645130474170325	0.999929662720491	0.42408015526335	0.513112534970676	0.999821507129613	0.992016428462077	0.959644662251288	0.225386156144765	0.992953588908988	0.890501329089792	0.877087117697392	0.921260968124761	0.716718981603981	0.991770427936825	0.00184079327928843	0.978120373601948	0.956666608333804	0.864806993332595	0.995094892903843	0.424585372230907	0.992045193305087
Heart.endothelial cell	0.0739888033221366	0.98222980263843	0.992242711387901	0.989909212837949	0.00300378277710252	0.959730339492414	0.416496203996375	0.960668761420173	0.58017344567562	0.116070761878154	0.983220892432478	0.959940223518533	0.818034453435085	0.57918581076254	0.0366140978925329	0.496335311773389	0.202267648921433	0.819246739581353	0.821303260128883	0.992334823401107	5.57663931438698e-05	0.956612297526261	0.98531229747633	0.630977447600998	0.7652779049206	0.58059808542717	0.959877687871941
Heart.erythrocyte	0.904224873782008	0.999995906479242	0.949567248296436	0.251791866272153	0.912590064836352	0.991170041391461	0.131809229055851	0.134523836957235	0.982102927717924	0.978782283687958	0.999996642815382	0.991231531782534	0.36750477128088	0.994363554872453	0.999999902952683	0.0767120089084129	0.999972182712526	0.44274386452466	0.999869795866511	0.999999098493531	0.77283907789662	0.393676422561922	0.320681032852472	0.936461163897031	0.387633392491055	0.98212626250434	0.991211877264395
Heart.fibroblast	0.590467613783681	0.999998984004286	0.988762690636523	0.927703221444713	0.578703635666819	0.999240779436049	0.599851773510293	0.999996445994318	0.940201563459387	0.999264796712928	0.999999703183293	0.999238482759049	0.93308906057214	0.99538186671853	0.999999997256272	0.894688367106633	0.999999340230224	0.965691851144353	0.989947365636422	0.999999999484001	0.000730873070722247	0.99350415966902	0.980402256891665	0.959489924638538	0.903060827850755	0.93870295897489	0.999241936084797
Heart.leukocyte	0.846749554498121	1.86766868370041e-06	0.96053542843663	0.99999932251495	0.913780362935689	5.39359008731277e-08	0.685694751060523	0.999979568900351	0.0859261379482683	0.00551873891214107	5.74438619111124e-07	5.42355661306373e-08	0.968141545417378	0.0215770889825498	2.00096037625656e-07	0.999842007939643	8.67662519688291e-16	0.987998254437407	9.53407795667551e-05	0.0603282838179785	0.997396597743343	0.993728762158505	0.999686144027847	0.00063896268363347	0.996210940625972	0.0858099668131061	5.40115067898442e-08
Heart.myofibroblast cell	0.0955189863269644	0.999445248298867	0.950073863480316	0.126290720140577	2.87138382603982e-06	0.999624132364509	0.0107565377600219	0.806987237524072	0.0528144521070845	0.268429076241479	0.986464447715979	0.999627325122465	0.140141896413314	0.59748044023168	0.531447313359889	0.590442219034778	0.18252021416216	0.607136211630611	0.976725730332332	0.994891555968238	4.43992977419918e-13	0.963841962991697	0.582611663117077	0.983073650983278	0.822907759607005	0.0531644900319918	0.999626410786648
Heart.professional antigen presenting cell	0.797108464300312	1.3377331971833e-12	0.857709574074244	0.967090664995817	0.981391171470688	1.80422756769724e-08	0.983826204231769	0.929383736822538	0.577693445837666	0.641914348119462	2.74116178376786e-18	1.87325774863265e-08	0.847350662679835	0.521507073734904	2.38173258612862e-08	0.788794866695895	6.05175731272541e-05	0.935758243126148	1.13514177088965e-08	0.649245639403908	0.99907609173408	0.648862791342085	0.931674451040854	5.02364329996323e-07	0.798677176835684	0.576362542162328	1.84490924175482e-08
Heart.smooth muscle cell	0.000169621912852765	0.999460445493044	0.555115013058463	0.0323009087733469	3.24787569272524e-07	0.998247580278074	0.00170649969765226	0.314556091618084	0.155916497882252	0.215339701881042	0.992302566567476	0.998233262542857	0.00889330166390591	0.838975795030634	0.889637026824797	0.7595887909294	0.861563949717383	0.504451391342388	0.995032794989212	0.976464138735627	5.37849673674817e-13	0.904569856070669	0.465916784178287	0.996265446341869	0.843672240233808	0.156689741805336	0.998237747801515
Kidney.endothelial cell	0.252760224753369	0.786063107953842	0.979084023271866	0.976331382951472	0.00268608995316594	0.85456458492926	0.378378845293098	0.998861025577541	0.635701956929052	0.241685050146423	0.92175788766762	0.855219300933046	0.802571165960687	0.308779660433545	0.0768156473190886	0.656892014718971	0.244091982939605	0.648150305506827	0.25919633178245	0.999328634261517	8.08276208327872e-07	0.872588787298395	0.899552897923071	0.440711607760956	0.974323359618746	0.63587206144115	0.855030658619567
Kidney.epithelial cell of proximal tubule	0.688939624597829	0.823841568985643	0.712269767841994	0.999201099175231	0.828402215166847	0.87272258239478	0.000902745195261276	0.996995284298107	0.19078305412871	0.633945034003677	0.969326059751678	0.87302883009608	0.675709399085859	0.256098506736356	0.98944304789847	0.794475579242057	0.795646836225316	0.959324445637004	0.897525875014734	0.644404671211094	0.990909769243545	0.932345738655565	0.996059737403313	0.800066679888575	0.79239620499321	0.19126639082966	0.872930816068342
Kidney.kidney collecting duct epithelial cell	0.86167724731134	0.564149155886743	0.64961995898593	0.503363257569885	0.0226083114346561	0.995706507779603	2.02318054854573e-06	0.921525537882751	0.915240126397469	0.948245027620135	0.856449606797055	0.995717485865504	0.486984162652234	0.656404635594018	0.973409753885421	0.823790729878682	0.964978876158669	0.984673447179676	0.918020980115367	0.940613149290494	0.0397602022784664	0.80962112113857	0.88294936072993	0.857553339815396	0.449771832028502	0.915259490036421	0.995713989591574
Kidney.macrophage	0.821669819810525	7.10433336032662e-07	0.908487830797931	0.999970113708925	0.921609418721813	2.12413903074681e-15	0.440776046761756	0.998979504799589	0.102991475812108	0.0883096414726396	2.47526212642943e-08	2.16119947184886e-15	0.909571922252086	0.202155205387976	4.6499920831295e-07	0.964516288046236	1.08285166096763e-16	0.927369011552227	6.65708850083042e-06	0.0748458908158391	0.999824534494806	0.984896822984978	0.998743616947876	3.55812526367373e-06	0.952060985873823	0.102817619055996	2.16815582136926e-15
Large_Intestine.Chromaffin Cell	0.585463958817896	0.980844472424455	0.083549951565981	7.9358609550355e-07	0.0030476137286707	0.99684817524696	0.228899270282344	0.000399436444077585	0.338855478144381	0.497135373800084	0.999063513499825	0.996788378182502	0.436519046053112	0.499967601424413	0.999824448014544	0.00712515301512452	0.999963565523283	0.00559780352596002	0.999604714705266	0.999607576609681	0.217239475174603	0.0159754620660849	0.0545982029626534	0.909628976357497	0.0136598743741233	0.340281229339696	0.996821781017626
Large_Intestine.Enterocyte (Distal)	0.971248727514912	0.536664733391781	0.556450339857854	0.99983093975469	0.800389823626091	0.798152384445377	0.598517599314849	0.990598496515311	0.785976941879583	0.918958573028835	0.984791335232213	0.799158833289427	0.991590139952723	0.0027664823327611	0.814817805488709	0.999952619282335	0.868092736982684	0.999817777951344	0.954963711197245	0.213463640008079	0.628166574829192	0.976696413882088	0.809523260691637	0.735842486433499	0.948954955632426	0.786461719807781	0.798815177666151
Large_Intestine.Enterocyte (Proximal)	0.927689725049363	0.395080346349659	0.630328763044869	0.991808431795859	0.489015339843651	0.650877086040931	0.69028754648851	0.9359053946356	0.168963306872456	0.283866186694769	0.932861204233626	0.650844015188298	0.989925228400705	1.63683160843385e-06	0.530597488684473	0.999160849085683	0.6734097710298	0.998205620133517	0.930477630634653	0.00665495003276965	0.727090280563115	0.776726340521945	0.949618737462221	0.633561838487671	0.590233104920267	0.169041649095407	0.651072479845465
Large_Intestine.Goblet cell (Distal)	0.933527260642916	0.719483543224533	0.489520284191233	0.932323828096508	0.795164209053753	0.995876046936328	0.45459386874128	0.991631964903037	0.212229784241822	0.0815729901844777	0.975697673160818	0.995878411220586	0.757291047742635	0.00030845731529234	0.992536697509426	0.999817710418891	0.991421015156458	0.984399769232152	0.818950999587913	0.00946006314539215	0.918489415937926	0.895433250754278	0.859078956306308	0.685343106391662	0.339461253570761	0.214333411358833	0.995875932179865
Large_Intestine.Goblet cell (Proximal)	0.785101573370229	0.569440841720081	0.702619429337922	0.493708833331924	0.180773007224978	0.954082095357251	0.386216943463173	0.748246232857675	0.204588107950357	0.0686919672716278	0.959580644228837	0.954479976058913	0.621566116784466	0.00102380260137814	0.978767766873185	0.997003499362487	0.972127909677662	0.837835018152871	0.880572927254949	0.027437986848482	0.492943232366045	0.584835305745396	0.480479177370131	0.597500179652056	0.0525414053711272	0.206900049611587	0.95425130985276
Large_Intestine.Goblet cell, top of crypt (Distal)	0.92710586104497	0.32926179245705	0.509650539788106	0.985190227677174	0.759860647850658	0.851441215458416	0.468752051600871	0.940234453308231	0.902615586830146	0.895266443111234	0.918055967878144	0.851998258460322	0.980258408464722	0.0557313659976076	0.917327058157929	0.999403025135862	0.960026824137442	0.982142822035781	0.857845678676136	0.665353247268547	0.682995953355378	0.989047895655578	0.960087784452198	0.462790646393949	0.555699947309603	0.902850872337299	0.851739048491026
Large_Intestine.Lgr5+ amplifying undifferentiated cell (Distal)	0.911609436135993	0.962656561010732	0.807603765169837	0.780823739184369	0.592817104622917	0.999990243105235	0.0584983233398543	0.993701347096145	0.0906852053535782	0.0931655112876409	0.99109693142764	0.999990126771121	0.607066742596637	0.00299839502060273	0.997535849932657	0.986816760224323	0.998978756983528	0.986051662939881	0.967770953465894	0.0175946437192572	0.937698938388151	0.984615123933678	0.803573949832799	0.780821343350884	0.0694037839361153	0.0914128734633728	0.999990218020917
Large_Intestine.Lgr5+ amplifying undifferentiated cell (Proximal)	0.744940408103093	0.994637228801325	0.814031294733365	0.835314025148967	0.556257262285797	0.99998852419682	0.330273289379978	0.994002296946496	0.150876832463371	0.467952230425939	0.991595330246712	0.999988407444737	0.692707505485098	0.000458777268523591	0.969617851108463	0.937398704451984	0.997485971253257	0.986290064213358	0.9489835768885	0.000242768504565183	0.856381425768789	0.898519716456233	0.822953363727593	0.865472606978441	0.058687046695501	0.151429182686556	0.99998849167793
Large_Intestine.Lgr5+ undifferentiated cell (Distal)	0.779633707197172	0.991004625222574	0.786692528453875	0.948581784167137	0.902562769705295	0.999995813532151	0.187627025211032	0.99720174131237	0.215895818441572	0.230789887870789	0.993198052093608	0.999995776082481	0.859828578231882	0.000937911592264929	0.999686754260065	0.9992291958197	0.998168330931198	0.999318424917056	0.985785168780625	0.00858002194290958	0.950327920725182	0.991036400520811	0.787907440810224	0.859002009728938	0.283404573369748	0.217746924093779	0.999995797862398
Large_Intestine.Lgr5+ undifferentiated cell (Proximal)	0.711012468390253	0.932211365206563	0.941272772060764	0.958885848866841	0.635663605958286	0.999650570752102	0.484359543955186	0.997971941365109	0.434923901478489	0.565276114821958	0.952453936245904	0.999646205430992	0.942887672892276	1.8181576220846e-05	0.98017874823709	0.995828039217553	0.997362663307562	0.997973368889073	0.950774162903532	0.00372795842808725	0.86452845699898	0.966062065528885	0.907868456155971	0.814793135909308	0.237674487707074	0.437371282914053	0.999648476039591
Large_Intestine.Lgr5- amplifying undifferentiated cell	0.548124452762231	0.923482114519511	0.942732428577995	0.306013037227216	0.254909022638768	0.926106573357774	0.08818196850571	0.829112805168767	0.239984613083199	0.888042642721007	0.882408989850194	0.925775155212463	0.885511409606403	0.00121660725031254	0.800826995886716	0.925008904384032	0.992016117413827	0.988182801054052	0.648265651597353	0.0407408761308749	0.142720280614029	0.993058397917254	0.469443060066394	0.482245846508423	0.0160156376020082	0.241201305462205	0.925613297929378
Large_Intestine.Lgr5- undifferentiated cell	0.899181595125868	0.452268937695747	0.943505418141528	0.393910394891898	0.328216471776073	0.641335250234017	0.171844078844285	0.883699150517628	0.849148836680903	0.971265938362433	0.690075875014094	0.640252871594405	0.83577209650659	0.0124305643249541	0.505955252000887	0.970453245460616	0.980781465036332	0.997652086210578	0.708678321064136	0.705643992687771	0.213687668323977	0.995526969609683	0.239149895610633	0.4199077451521	0.00625731420131738	0.849943552121666	0.639759660225025
Large_Intestine.Tuft cell	0.143929520396343	0.00424654109197614	0.121980638063913	0.00656824148188801	0.000593274180872587	0.000652203998682435	0.000773565076091803	0.057191240950698	0.0277018123024504	0.0327485018272451	0.0105870963411123	0.000652656843057535	0.483288179945032	0.0122108849558698	0.282129607357971	0.422210706271588	0.203358726030131	0.438262042655536	0.000794184113290057	0.0692620351906145	0.000847852724010459	0.000136536212477976	0.0180511518360491	0.000142354881503124	0.205484897739701	0.0277145935298326	0.00065359978481452
Limb_Muscle.B cell	0.577486255130057	1.04089934170307e-20	0.652157398508993	0.981471138870323	0.694126324889652	2.27609329130106e-22	0.770113823415274	0.861508885179969	0.198038787976663	0.160175565135975	6.28423769583047e-22	2.33636870215322e-22	0.506871689134197	0.032410468465047	9.72075228058281e-22	0.584652827650543	7.58887289478482e-08	0.345272676519606	2.93791203617262e-26	0.0874185849893181	0.892874417947161	0.0998376009261384	0.549840255384408	1.40403649095717e-13	0.0325951985424804	0.199516926632759	2.27592535153487e-22
Limb_Muscle.T cell	0.490787573486443	1.48576378243048e-30	0.03577136238549	0.988335849384199	0.385411608925312	4.04478606585488e-17	0.110333275244134	0.878046466825965	0.810030220297802	0.859884445907149	5.03212278376478e-27	4.1309288693616e-17	0.658155815358043	0.468125987891306	2.07895637357827e-15	0.259049868849811	0.00101859834017039	0.459922728013624	1.00130629586853e-14	0.0923591711403855	0.94817581686338	0.367325698390946	0.803782046360487	8.1689970520899e-17	0.582022463923035	0.809119346052967	4.02723250765167e-17
Limb_Muscle.endothelial cell	0.0538019466923513	0.552752072089094	0.886111912482048	0.931059514330708	0.000457680012359005	0.120860617534752	0.162998318593712	0.91712141921963	0.413597425973066	0.0857727908864252	0.687400845698773	0.121569591710155	0.771311813080041	0.271132529546223	0.00191875844080972	0.594501591616521	0.00743430353317945	0.817092724887509	0.652107278734826	0.988161492480834	8.43831100855038e-07	0.981810332545176	0.995498914929426	0.353000589209192	0.862116332857495	0.413797650470409	0.121365892019842
Limb_Muscle.lymphocyte	0.844496482730993	5.30914367151627e-25	0.709677897207872	0.999999196705127	0.913415656886437	4.29844248141573e-18	0.767759258549662	0.976704868126182	0.67277058215069	0.716379887110611	4.8655339745239e-28	4.37448057764217e-18	0.63175599345363	0.0765057821593084	1.70323444029908e-17	0.934413309114268	9.01538658710428e-05	0.781609609340654	3.67904400423411e-30	0.710640719775694	0.99843867779442	0.920264736646573	0.805628268381021	3.21427498678133e-12	0.323314438946819	0.673600698157593	4.27621560885521e-18
Limb_Muscle.macrophage	0.928890455713118	4.44495279214094e-06	0.980692355500789	0.999999621910823	0.990269678515967	3.92839698236335e-10	0.515992078655051	0.99998843622835	0.154633805327093	0.0270598483787804	1.53653685423764e-06	4.05654634876935e-10	0.985997768432441	0.00150023342474814	4.73910049494042e-06	0.999983520410767	1.67502589408112e-11	0.995690544261724	3.1959259832742e-05	0.148303503602637	0.999774932443469	0.997590445822226	0.997571142725138	0.00121409603079795	0.999749749840238	0.155390020597482	4.02297341774015e-10
Limb_Muscle.mesenchymal stem cell	0.610324227217042	0.998694670024737	0.993838013785918	0.942853442192888	0.94416173563393	0.647240752026458	0.7510640976015	0.982952893003235	0.997996340072305	0.987846808237515	0.999307989882846	0.645653216201788	0.771928689902197	0.992526796441844	0.999995031101103	0.745094707690088	0.997510937250544	0.893004794355132	0.962463959901527	0.999999999910608	0.00260598766006547	0.99934526609079	0.976224960664062	0.89901238855001	0.993199183566356	0.997943586211013	0.646256961177666
Limb_Muscle.skeletal muscle satellite cell	0.115495418585186	0.904034395262846	0.956592418878074	0.400665069824048	0.813894981690325	0.0553625851826207	0.393368264740075	0.840295709430991	0.943389318928097	0.937509154850956	0.739256715178815	0.0553092373369609	0.428064861165371	0.921840087550853	0.882099183003278	0.288822607334693	0.549887617164695	0.749787764857889	0.98457613017206	0.941977670282003	0.0843282772016477	0.795226376381344	0.815148442299568	0.738826165168228	0.36436164642595	0.943620595627803	0.0551610654210696
Limb_Muscle.skeletal muscle satellite stem cell	0.225020968687272	0.911664779316678	0.955993476393643	0.549554848746156	0.765255113720013	0.097150552705349	0.623403237609016	0.918046725662604	0.900070935023016	0.948087289581777	0.631168047218763	0.0972902682787121	0.305909347921813	0.926879607734744	0.752982654082106	0.662346036262881	0.468620710451653	0.918729187106925	0.956778242965981	0.955734396665647	0.121409264543772	0.757756018254228	0.711149593360228	0.869172227357381	0.37893521887492	0.900150082535315	0.0972872749383078
Liver.B cell	0.851004207884185	2.41389201278417e-12	0.557965683166875	0.996009603067849	0.506326803188148	5.0330620726979e-07	0.80017813266118	0.978258496929574	4.3931565804606e-05	0.000146017473145064	8.22298954729019e-09	5.18468512464644e-07	0.773525544844119	1.93936811783615e-06	6.04047540700462e-10	0.864892241736333	7.59466471140794e-05	0.853729082015967	1.34524376831405e-10	0.156033261221493	0.99099239976841	0.972542513841284	0.93451524537839	5.79187625153391e-09	0.295816454814266	4.47009246654085e-05	5.13015363742489e-07
Liver.Kupffer cell	0.979159967677622	0.0656891288865552	0.998024740502262	0.999997018385312	0.989842535142104	0.199225506392651	0.398868864718158	0.999976111080449	6.17933050654211e-05	0.0141119859761682	0.27711606188274	0.200020497153467	0.95530754813502	1.39714509150636e-05	0.306168410311336	0.999211486902607	0.00992185176087112	0.942941112648606	0.0578121736307613	0.605551865849954	0.999947221662944	0.999900536930264	0.984831260751201	0.125487414548055	0.998056888865883	6.23326022980566e-05	0.199776755602218
Liver.NK/NKT cells	0.982934765095388	1.38784787796833e-17	0.72236505525158	0.997379854441561	0.897922177612145	1.94098621248634e-09	0.269270374973186	0.998389271586959	0.00397940633556975	0.14387706490249	9.48453434555583e-20	1.98112484250979e-09	0.919098743410671	0.000100607768996854	9.76920723640667e-11	0.993828495086219	0.000760623668379821	0.987377052734546	2.44735060516169e-08	0.10190387368372	0.999904356152777	0.997875359018775	0.991656114700379	1.60155343752515e-07	0.850311121963595	0.00398327230854779	1.95042602032562e-09
Liver.endothelial cell of hepatic sinusoid	0.511369682015633	0.765005106133015	0.99855758229466	0.991481425186413	0.0771155223218562	0.997316455012296	0.0285966556905491	0.997751745931053	0.0134387433761954	0.0846040033427724	0.86107644856151	0.997330294751478	0.979196828400886	0.0167129922609144	0.572128320837042	0.618423816640116	0.632371515078222	0.81135164701366	0.666044742121406	0.976587477625861	0.026982159452327	0.958869372826636	0.828872543943217	0.778548194473484	0.802563011617652	0.0135546203229703	0.997323646159061
Liver.hepatocyte	0.969465583489862	0.924904935291055	0.955894687908968	0.9987941485493	0.901784504826972	0.999895850838281	0.230570640234873	0.999136595197024	7.11016560523497e-09	2.3817937369113e-05	0.975674417684785	0.999894749367049	0.644163895984883	6.26220720203836e-11	0.999992982129817	0.928048962003896	0.995398740157911	0.980987223786067	0.992083634923363	0.193179544755558	0.995291525955974	0.99940958552337	0.99088326377291	0.986289955551961	0.621929355130637	7.30315957576855e-09	0.999895690288442
Lung.B cell	0.511962860906522	4.99602977461857e-17	0.897432237458623	0.999485445876393	0.766670040058081	4.78823669265767e-15	0.928267131595263	0.900190646296921	0.423452770301047	0.0920163847245142	2.09439447127935e-18	4.93052848861931e-15	0.670328048249333	0.433317039963123	9.57481056283365e-22	0.806700012271093	2.03780396842693e-07	0.911906737837106	1.24074639743121e-21	0.651479190452937	0.974947059043779	0.519216170468782	0.888211831044111	1.49889056426583e-14	0.177101095029146	0.425815268648208	4.84233082428475e-15
Lung.T cell	0.603344814582181	3.26207908256864e-25	0.0949832514186676	0.986713098134777	0.853405880462407	1.04193365415647e-15	0.400655849244068	0.816830302554612	0.940011846959538	0.569897536643058	2.02532586844376e-27	1.060157784402e-15	0.769445987487263	0.261813399870937	3.52246077777811e-20	0.792019730460996	0.000286960713265728	0.950556787454066	9.27802861015119e-21	0.0706686981523421	0.998427590368298	0.957304404297968	0.875956329416554	4.30223964172834e-20	0.632216669730585	0.938998340019391	1.03805371751791e-15
Lung.alveolar epithelial type 1 cells, alveolar epithelial type 2 cells, club cells, and basal cells	0.851186594285194	0.416866661330958	0.576745844911727	0.818199802851549	0.520666294350502	0.885507195273218	0.0343064426886553	0.87848724303963	0.451894372007474	0.163834369740283	0.889446784641076	0.885889447284476	0.958452745481678	0.189312195460191	0.728214527799468	0.909919987499983	0.964982412101912	0.611220241970648	0.187107614796998	0.852428761365698	0.178338275090232	0.731754770084197	0.434050488272618	0.34752243716538	0.318066464260617	0.453356725476406	0.885705716641048
Lung.circulating monocytes	0.804628914295968	2.41249990555755e-07	0.624052200731237	0.904097280932901	0.391576089084872	4.61929269990927e-08	0.626511287167738	0.673677441544295	0.228540637943745	0.000774699651784599	5.07770715978338e-08	4.70362182034287e-08	0.986822078243547	0.00394549310219255	2.22210638900404e-17	0.90625214969582	3.72894563467178e-29	0.734271959850179	0.00198075694999388	1.11184922562147e-05	0.973890636466226	0.920116829907627	0.966066155202722	0.000675952662447481	0.810826215168307	0.226856405945054	4.69239417154289e-08
Lung.dendritic cells, alveolar macrophages, and interstital macrophages	0.923287602559869	6.57162657533852e-19	0.725636246465453	0.999987494874526	0.839952394692099	1.47950348538776e-10	0.910291833243353	0.999092681491928	0.192582689464054	0.169539869555685	5.66437819900216e-24	1.5293371999606e-10	0.958629737866943	0.0045631443467462	4.25977232640816e-13	0.995282373611014	2.33491907148997e-12	0.976300042737728	3.25404147892556e-09	0.0760592316129016	0.999970969099186	0.830253480901674	0.990950654515852	2.28793252923138e-07	0.838099528822952	0.19147658460974	1.50039202843804e-10
Lung.invading monocytes	0.989293894864141	7.84494016940863e-06	0.908980751356532	0.999997605243457	0.97041286225543	1.1105006907591e-05	0.583787341568443	0.999975526408124	0.726595410348898	0.00727116615626142	1.89910514784852e-06	1.12976667660284e-05	0.98365932087349	0.00743493350429695	1.64395668593792e-10	0.999686249318062	3.99156650654787e-25	0.989296966148063	0.000862436039966573	0.00011494399656456	0.999848031206702	0.977362592097541	0.999656559255927	0.00103195844097107	0.998495396815674	0.72562074996355	1.11704579696091e-05
Lung.lung endothelial cell	0.29536351176151	0.810644387161347	0.78653047430632	0.856059778607159	0.00174648387860707	0.886341318344877	0.649703704613647	0.989551990099868	0.829282499167238	0.0472388522573012	0.673459182086386	0.886991528063271	0.898958031776222	0.224066421122986	0.0183131980178187	0.518779864914552	0.0468328031164631	0.285431863708175	0.496569847258381	0.993917809674635	8.44997806019593e-05	0.218971054094734	0.73851203143831	0.604069194145327	0.888527998555904	0.829542647458913	0.886783922539725
Lung.mast cells and unknown immune cells	0.981764220796515	0.0904233589971416	0.999620006536883	0.999983023388849	0.999809319180301	5.15461353282271e-07	0.842170743094524	0.99965038693991	0.895461716710022	0.705202915417484	0.289081505246086	5.21130303430288e-07	0.962203795529486	0.0389678655548256	0.00246033229141424	0.996852451805192	2.47327091999022e-10	0.912980744785592	0.0541719659588351	0.0663289495841038	0.999999994910301	0.999992313016962	0.999579781387788	0.504555323325141	0.981468674834152	0.894997225573325	5.20663932046478e-07
Lung.multiciliated cells	0.7920264610646	0.991559445382232	0.994302862957014	0.738045998554501	0.707865667322892	0.999607996837078	0.492221408485217	0.60068675136735	0.997634548413118	0.991994293043736	0.985556066956684	0.999600724267791	0.9364440108768	0.943154898420757	0.996795873652433	0.889585957296816	0.996770490143702	0.898005523176263	0.883486684659936	0.642467793064605	0.998899404729573	0.937778582637358	0.91224726713214	0.866401979552965	0.743512580938072	0.997622706033924	0.999605550030411
Lung.natural killer cell	0.974699340933564	1.64616254932077e-10	0.814819056776602	0.995100540761234	0.992551210078105	2.0068521206543e-11	0.721040638554387	0.999746843969931	0.920203796279131	0.921979369359254	3.08575014472798e-12	2.03902365579631e-11	0.992811277182369	0.287171533794735	2.42825731637168e-16	0.999298981115182	6.01646420430094e-08	0.994591139631973	6.71060055868097e-07	0.233699480851053	0.998503867847232	0.999275486917976	0.939055205244338	7.64529539118072e-05	0.934927718906676	0.919968297833441	2.00844930324889e-11
Lung.stromal cell	0.187993411564571	0.999793502271524	0.998875014220044	0.425671276686166	0.212353710586843	0.838439682050242	0.45458588876607	0.999400341348114	0.562221347535757	0.928167070145829	0.99953140543478	0.838804866527399	0.640369706584857	0.879919220633616	0.999879882759744	0.537107100923318	0.999789157477105	0.751768019899807	0.992245781195204	0.999999993270425	2.62775027279028e-07	0.9868153961372	0.95888572795224	0.91387278470989	0.853411505787544	0.560767687518207	0.838768248439405
Mammary_Gland.basal cell	0.494487834613466	0.98883079700099	0.956776504269453	0.796873075492391	0.91456469285986	0.901644939499082	0.658792633585486	0.595719542053407	0.995135070179646	0.864223608553478	0.994679855240875	0.902068821333606	0.943529976892014	0.57837903380681	0.999751591373095	0.0585993503560543	0.999758076558323	0.180046779651987	0.973988454659242	0.90931899581698	0.0549045014493818	0.632165787253344	0.41515128503923	0.84619068425724	0.889088212360731	0.995231910185483	0.901691951923958
Mammary_Gland.endothelial cell	0.0305758782635971	0.342551712326689	0.851556441746115	0.972839979551855	0.0052490139894462	0.040569686078432	0.120868050960333	0.934635080958628	0.557063452764927	0.152576229865176	0.721392653740918	0.0408607302256993	0.792265728378744	0.0793140374514769	0.00178704873647241	0.631566091905655	0.00309506051107064	0.990669336945658	0.536810817582401	0.980467219503739	1.09260033969532e-06	0.964401116491731	0.914001223496112	0.185064673668637	0.912915079792618	0.557887877861235	0.0407516302292735
Mammary_Gland.luminal progenitor	0.533522081296308	0.703648124838971	0.991336014991531	0.993117184304546	0.987532850040561	0.679208042325537	0.053298311204572	0.996839168427257	0.754219434447866	0.838832602822492	0.996300858304363	0.67981435706227	0.993584496371764	0.126065740497297	0.999932015254022	0.434957021014652	0.995356241535879	0.972299477326119	0.583695071283177	0.379120569636691	0.791018769852476	0.990684397876694	0.845803073605896	0.900439209869906	0.76300413815719	0.754566409663944	0.679086960270775
Mammary_Gland.mature luminal cell	0.379344073022834	0.13351897863889	0.422919759256389	0.698037584127752	0.402099553243994	0.98070253784512	0.60945016689874	0.992726574603876	0.0344401769655744	0.00049399394669172	0.578665515907931	0.980614933213933	0.5142620167648	0.00523826414664241	0.683367043984558	0.735430765595426	0.837173313136955	0.370366159832711	0.479143424577334	0.0070183171944362	0.197146849545181	0.35710298762516	0.95662768276865	0.383273714634313	0.130781612554933	0.034344191610878	0.980644468782101
Mammary_Gland.stromal cell	0.235698484277138	0.997135422257591	0.998144772166495	0.897857192706339	0.805980568316441	0.583465915301611	0.390980980351266	0.969412714089793	0.965453254568124	0.953103774381982	0.998610637870629	0.582835736304122	0.944031489799816	0.955634376607482	0.999967133781944	0.76749758431554	0.99886873014462	0.837051788358147	0.808741132000543	0.999999999641298	2.11311698183455e-05	0.988375849212974	0.956177392543152	0.880293437835039	0.982312877568599	0.965302283129638	0.582854887994648
Marrow.Cd3e+ Klrb1+ B cell	0.39203438529449	7.45224308684902e-30	0.262420233955567	0.988100645228844	0.960344909061271	1.42271269803251e-20	0.817847893618578	0.89408383192972	0.335791329852062	0.128651468850432	1.42647828678839e-33	1.4226878555782e-20	0.569247541808694	0.00107707761251391	2.22104018854738e-33	0.902993198237748	1.27930507533679e-12	0.851042691344462	1.19748138087427e-22	6.90876984038399e-06	0.99992537591866	0.543145879933837	0.997576542676136	1.70814347996415e-15	0.0701859015580711	0.335240202996847	1.41063168905003e-20
Marrow.Dntt+ late pro-B cell	0.59234314757128	0.00139203730034255	0.0269697698911283	0.927113314837408	0.694647746163656	0.357668545314587	0.816126760417896	0.153606314600047	0.0229906333763367	0.431343664605583	0.000351774227479896	0.356981056437003	0.181343731022474	0.176665414220439	8.81989385888569e-09	0.462434431529827	0.000109079705362142	0.812272544845549	9.5112466812483e-07	1.03168716173897e-10	0.993978283649425	0.072596974201874	0.935186108312147	0.0122858093081725	0.00335458512475549	0.0229183366240039	0.35713643699893
Marrow.Dntt- late pro-B cell	0.415535625981143	0.0130674857941159	0.0151412665764507	0.812974394368732	0.598786412589201	0.33738192236905	0.848314649502946	0.1281681156198	0.00807376805256694	0.265929653665424	0.00229298178275306	0.336757477506667	0.15084472738272	0.243254510006919	8.5336276355202e-07	0.252772682420611	0.00175624512168457	0.710881826262088	2.6935946735234e-05	1.41546900305274e-09	0.947475922989431	0.0410519670307236	0.784202365256788	0.0110577849333725	0.00441468374847093	0.00808806591454658	0.337111064110118
Marrow.Slamf1-negative multipotent progenitor cell	0.950978191706601	0.0769380164159705	0.098844173101021	0.847302662015209	0.17992330332164	0.0241141647609863	0.945069597736592	0.753608793868358	0.139383255150525	0.0823805417291961	6.63022097172593e-06	0.023849904691707	0.741982136569684	0.0361609669599121	3.28666948494182e-09	0.690992908094437	1.98638906408996e-15	0.481211576957853	0.000247713402950151	2.23481392153648e-12	0.777484054359015	0.348920947448746	0.703690599200023	0.0752831451067649	0.409953173761139	0.138563649099096	0.024006601865041
Marrow.Slamf1-positive multipotent progenitor cell	0.83858392720754	0.590278676848931	0.121911365008744	0.731335489738723	0.188791824450045	0.230536841736953	0.967786444167216	0.479897405197512	0.0569241553252781	0.224441986923983	0.0112670431008474	0.22840560573854	0.337372016459427	0.371602628241716	9.15752866574401e-06	0.227860000735684	1.74030413531233e-09	0.634424142419652	0.0136046585153722	8.4757942589105e-14	0.753854528429684	0.360558870535052	0.650366066084858	0.561390376474226	0.0957706219969972	0.0563782035490167	0.229613457106879
Marrow.basophil	0.344766786665057	0.000607685743592766	0.331989276197116	0.968417405786899	0.346649481700042	9.93835573358422e-07	0.506737378442895	0.913105535319309	0.0256472974020067	0.0359471770198455	1.32748709864001e-05	9.91765940302444e-07	0.545276310847691	0.00724756658675683	8.35743158106886e-16	0.968805781179274	6.79551363347351e-15	0.896272158057395	2.41859782325243e-08	6.83955440436306e-09	0.970158633310659	0.915817586553215	0.9742959837914	0.0124276459926868	0.160180006416782	0.0248346631652286	9.94107648604007e-07
Marrow.common lymphoid progenitor	0.702713991763033	0.282621784463845	0.0700604255351734	0.624642826776688	0.13946405534278	0.246899499090143	0.968797594322525	0.41042905442631	0.0134383308397052	0.210054849374353	0.000999584328762357	0.245480290602	0.284604886392381	0.221415469509058	5.04781277531875e-07	0.38952444331243	8.20377354943616e-12	0.679706586499123	0.00352784654116462	2.25419359681704e-11	0.725621558878626	0.209982877656309	0.495009116841822	0.177825906739216	0.204729036579199	0.0132906159491923	0.246266173929492
Marrow.granulocyte	0.975930843003019	0.00817437320603243	0.959371123926351	0.988812591835656	0.996004089361999	9.06617119636182e-06	0.366781515250457	0.857347017886054	0.708688770959618	0.159155592533784	0.0220690364821661	9.27211838235794e-06	0.657056344678138	0.301589860753641	0.00275882657313423	0.977329075144759	5.90908481369352e-11	0.924936036094646	0.209767454933384	0.0677673640858888	0.999953215421967	0.984001642091383	0.969976487695995	0.317309726818042	0.882987343325223	0.70729932307835	9.20585238471627e-06
Marrow.granulocyte monocyte progenitor cell	0.725668329227551	0.0352832516288662	0.0307441582871888	0.892578453715666	0.612754198015727	0.00583849348398136	0.950816502215593	0.755310017571762	0.0440746838827554	0.0481503009086786	6.01164287837568e-06	0.00581496541535423	0.372813272939924	0.0635619901807292	2.12158570664828e-07	0.746436897366802	2.90709143403788e-15	0.990457232415181	5.58949199738306e-07	9.99759493966003e-16	0.993831673675417	0.564765517436033	0.837472639141233	0.0220363529603914	0.147349917539118	0.0436245323186431	0.0058439998161331
Marrow.granulocytopoietic cell	0.92648328889042	0.0526188541913442	0.50700206371344	0.940734186722121	0.973040553422964	0.0581570686807286	0.680192882934551	0.582083477651309	0.0807025981327437	0.0122207029655743	0.00706225219512568	0.0577325199766586	0.234483016150305	0.571261006728202	0.0310670334044499	0.994658829829078	5.09058788980222e-13	0.99434185881736	0.0251034353202174	1.06234680192416e-08	0.999436390830992	0.877458215985995	0.881023947201076	0.316218878098849	0.0558467714223913	0.0803113245078259	0.0579245063655178
Marrow.hematopoietic precursor cell	0.5564427866489	0.0145942132493263	0.0983746702574069	0.464401541146263	0.0477410811383926	0.00113919225684114	0.9789003776364	0.305945125764311	0.308320938122402	0.0867536289637933	5.03013904904756e-07	0.00111939668110876	0.765743295734869	0.0470473596411783	2.71591811723765e-13	0.465835724236549	4.95915563840827e-17	0.338281568713004	0.00101734176040023	8.90949317164319e-07	0.365048175712032	0.102640610044582	0.669337174365761	0.0644353247462179	0.212903540742931	0.30799958823747	0.00112582732307174
Marrow.immature B cell	0.076748754200914	2.99555212002916e-14	0.339958087851941	0.874187037935645	0.50243329092203	2.81838622806232e-10	0.721315588669584	0.639553051261564	0.154590561069489	0.10703326366143	1.20442448458265e-15	2.83056175453308e-10	0.634491296724408	0.12007268598154	5.14440782628907e-26	0.212274879416104	2.50271560541831e-11	0.499551850972816	1.4314921544897e-17	0.000569132723869545	0.830844485003504	0.029250682921863	0.914404485343763	4.08936681317001e-08	0.119343084256537	0.15676624989161	2.78100655301278e-10
Marrow.immature NK T cell	0.841641376255089	7.44710827157026e-23	0.666273838992506	0.989356251377503	0.996755644578944	2.62612815504497e-10	0.801072270192822	0.998741421142418	0.879242777706421	0.605008148484933	1.36711636403303e-17	2.58949727363973e-10	0.939773848202136	0.187897977634747	2.96104997077231e-22	0.990361945861665	1.73937991690128e-08	0.992372597786462	4.32271371981079e-12	0.00238012188007498	0.999718368026943	0.983415067179562	0.998587589267688	6.27422679345914e-07	0.912627075035774	0.879014777413179	2.59676024924049e-10
Marrow.immature T cell	0.179032610469366	5.50668512132238e-27	0.080116703812668	0.886520007111587	0.886041521207937	3.15231306172176e-20	0.442124925267463	0.850843347454308	0.599862602519848	0.337119349170587	1.40068598155008e-28	3.23600773688062e-20	0.688654174255821	0.282863308282359	3.58607518314762e-26	0.50152958843341	2.63561515179882e-08	0.737491400688059	1.2706940989948e-17	0.00682119201767131	0.995505241611759	0.706569444270398	0.972250031694006	3.03402243327318e-14	0.193167847473338	0.599711814247458	3.14318475301651e-20
Marrow.immature natural killer cell	0.979114484942485	3.59080867290349e-17	0.902199010446734	0.997689240619949	0.974102958357485	1.76486604677339e-14	0.762932241191931	0.995198420549392	0.6798117240876	0.345635286404368	7.93041827320159e-18	1.78002606018611e-14	0.951098549621148	0.307681817849126	2.50351025308934e-22	0.999643052538877	2.31233865337153e-09	0.997444324888656	4.48836662818491e-11	0.0679923836097503	0.997769770472713	0.999490733511608	0.989129221156729	2.36452492375918e-08	0.889021634616947	0.680151537618421	1.75129160057353e-14
Marrow.macrophage	0.674775727099025	2.90025912402828e-05	0.318821201920371	0.535832085245579	0.136186639626466	3.62124160587138e-08	0.960192046470282	0.229393903230983	0.462919765058861	0.0346315104425213	1.66588656113275e-08	3.6287924194494e-08	0.14251216775461	0.266096792538163	9.26067808972087e-11	0.589868056305856	7.84693742744259e-09	0.222830642418779	2.6140286885453e-06	0.000131223411356679	0.542474390673924	0.386978739445556	0.689629605306424	0.00796286650307276	0.135118080804256	0.462620280622623	3.59461408271001e-08
Marrow.mature natural killer cell	0.598117791777469	3.3982348239865e-14	0.802940000998033	0.925778474041193	0.997624151858291	2.01763395271183e-13	0.921777686249114	0.973554558568163	0.58610034660093	0.428190921960733	6.6285442363129e-16	2.03597215088725e-13	0.820093307752569	0.151450398935807	1.06865830479889e-21	0.987597313842458	5.05362751131361e-09	0.9723810690375	3.10787268691167e-11	0.000193374956109629	0.997923592181571	0.934826062819746	0.918258632799986	7.69628095494857e-07	0.652686873800088	0.585886617455044	2.02021286170153e-13
Marrow.megakaryocyte-erythroid progenitor cell	0.778619746391256	0.447241063447714	0.0914565171354002	0.59943521499142	0.229214465849526	0.690745763093296	0.933653334833625	0.232632513287211	0.073850525588703	0.328735838263818	0.00922636508353845	0.689277902789287	0.185458433037491	0.168128712621925	0.000139173558533669	0.224147712337683	1.39807189704384e-06	0.195496587390266	0.0403218231236122	3.94000267504631e-11	0.686426029925389	0.407533562074664	0.58043368344406	0.682162454904085	0.262707908222697	0.0733250209566334	0.689987322491229
Marrow.monocyte	0.927687377563691	0.00980848138616013	0.849056672952567	0.999990252833955	0.994005866342778	0.00122039905017891	0.88385530296468	0.99803319054923	0.492445645143626	0.0365296309114891	0.000909052888535894	0.00121143493036284	0.873336722668554	0.177374066902309	8.81620360819333e-06	0.99522052460195	1.25727028506028e-21	0.998198780809182	0.00162090650310278	2.30247651362728e-07	0.999884524976474	0.847286469165515	0.999875128030173	0.208511662660171	0.937532281915209	0.490328131944253	0.00121422959470238
Marrow.naive B cell	0.373841681397823	7.02234835318014e-21	0.681738565584281	0.974689225844755	0.730890061585286	6.35546252548992e-20	0.724769238437917	0.725952988191782	0.369450716423173	0.0604499655466522	2.22067848527062e-22	6.43144649015665e-20	0.707224372139188	0.0740708395670965	5.17820624937718e-26	0.326928762257983	8.39705481854303e-09	0.312697534124509	8.13083971885326e-22	0.323193259036192	0.871620820495296	0.35955301382982	0.821887349984753	9.23084942348125e-15	0.0678374497067095	0.37090128278944	6.29816726351526e-20
Marrow.pre-B cell (Philadelphia nomenclature)	0.392565022869005	6.67501947266932e-10	0.578653275704579	0.982609934508846	0.690004889856862	0.00017900257389549	0.797714221054079	0.372297065243332	0.879539013907863	0.626639956948699	3.87559526675008e-08	0.000181379303268564	0.88505970863655	0.232658744627184	5.61086525546875e-15	0.483540765386028	0.000311220386117656	0.592256759804823	1.33952669382813e-07	0.386387581059405	0.78154303915227	0.457444184949302	0.986932456097953	0.000212338511825741	0.517838884152736	0.880882291743814	0.000180246658661161
Marrow.pre-natural killer cell	0.732186180342999	0.000130667398895755	0.184719670098319	0.832441312749114	0.981989240905246	0.000988837796110485	0.923025151994822	0.562180033975091	0.0348431483768677	0.366652288213697	2.65530945861394e-06	0.00100357837709335	0.219277532230882	0.443059048805303	1.07053986778731e-08	0.797630753679201	0.000133382661012163	0.974389810954314	0.000455749459524445	1.0802595704571e-12	0.994498905374544	0.480515983327917	0.766499830812583	0.00925743425546127	0.107807975542914	0.034133840332637	0.000996427289958362
Marrow.regulatory T cell	0.716858114773871	2.38913711213058e-30	0.200328060088259	0.975802215411916	0.771450571586312	1.03545458996139e-16	0.383509889427631	0.998258423865195	0.566692946056842	0.782107828439275	1.49474302850219e-34	1.09078645178926e-16	0.529255360531659	0.11542496086005	1.98724160449542e-16	0.854038038981056	0.000763808222657804	0.969512535351047	8.59227866977118e-17	0.111599723325468	0.907390536852503	0.859574177483421	0.968879377747759	2.07231961465134e-15	0.594940769989352	0.56633956029228	1.06607708456747e-16
Pancreas.acinar cell	0.490796496991764	0.655926455893339	0.407285167477207	0.0514148344177879	0.0628779936063442	0.958851609782747	0.457237319037104	0.352904355258407	0.122485478999101	0.347778345091389	0.884862309088567	0.958646346502845	0.183092017137743	0.288630631735294	0.925543955156677	0.48665017561993	0.975763788609921	0.599511729721183	0.825561759811014	0.693391165267629	0.693776999811785	0.951321269627541	0.101861472606025	0.686066671671955	0.608927521562048	0.122987575177881	0.958722504229356
Pancreas.beta cell	0.658340978388486	0.99999987960386	0.000215718154912251	1.11805483699511e-12	0.0171751125475684	0.999994367472043	0.48967868412218	2.44110134329079e-10	0.710279044176144	0.827792072547486	0.999747306357368	0.999994274288657	0.0311367928455334	0.995891505586052	0.999933791816152	0.000533315191389161	0.999999870697708	4.52643663996296e-09	0.999991143300784	0.949401683338118	0.639980357559317	1.28586589241399e-08	3.13711649912231e-07	0.990159691808884	5.43424462567128e-07	0.710211430030431	0.999994341402808
Pancreas.ductal cell	0.270448245490367	0.816157732940058	0.457476589888149	0.759999805768059	0.0582360927456206	0.999715530269873	0.0231695391456451	0.600701921731449	0.39174334790723	0.528166479369544	0.994282599027995	0.999714082336045	0.67366403212842	0.616355300343964	0.998508310062186	0.355408687109837	0.996184740162085	0.252466409734744	0.994217374749577	0.997355027095245	0.0183061562697587	0.726553746640313	0.608069831945386	0.794892781469017	0.203326863289545	0.392722633423073	0.999714240388283
Pancreas.endothelial cell	0.242569662383688	0.914063424117622	0.966071167570588	0.72779216968686	5.31197941697688e-05	0.997655252849032	0.470843176015937	0.93841347462969	0.836132648648377	0.0671648742445514	0.95108063563574	0.997635388532847	0.733664681659678	0.429737267498837	0.0217137093685104	0.657557379136573	0.017417858214785	0.369486780047623	0.878300356018104	0.955754377260633	3.6949395394202e-07	0.861159170362224	0.904174163536015	0.406574021213334	0.864732534218089	0.83598156069254	0.997646221180851
Pancreas.leukocyte	0.497167197523021	2.85909603911379e-12	0.787323650817525	0.99978307963693	0.474407703916627	3.77207991653166e-08	0.651059501879801	0.999358638586072	0.0895763084037408	0.00679609644152302	4.34033279113349e-13	3.72787360913865e-08	0.82666658552413	0.128763117084844	5.38135025645379e-12	0.998765201633761	7.69395991790415e-17	0.978499924719484	2.29079653561213e-09	0.0080141216130606	0.994205966594151	0.95984421606388	0.999734089194386	2.52946957701076e-05	0.864636612047359	0.0897770548381658	3.74529005515372e-08
Pancreas.pancreatic A cell	0.54859990594643	0.999980811923955	0.000955873806743152	5.50108475817107e-10	0.131609578941281	0.999969202366142	0.613967709172141	1.1993207410197e-08	0.953065486736043	0.969970925700223	0.999743230638414	0.999968968821896	0.00822058655096533	0.999291388428909	0.99999846158916	3.09679750174152e-05	0.999999948055038	1.85818427027692e-08	0.999576579782682	0.999096012912968	0.335836393792084	8.14261811798738e-08	0.000200718863858259	0.999129287576998	2.2389050505396e-05	0.953098065680413	0.999969166512586
Pancreas.pancreatic D cell	0.768930948522257	0.999999986174248	2.23769237433581e-07	1.50520684924205e-12	0.0266885803087673	0.999992787824552	0.254072290571441	1.70818245246017e-14	0.926530203996148	0.965833851594097	0.999996447538494	0.999992638852992	0.00349468693807447	0.999909262013238	0.999999999137325	4.38838436926171e-09	0.999999999999106	4.56790169036717e-08	0.99995916879572	0.999996326828019	0.272145327159493	2.55991946141871e-10	1.1914818688503e-06	0.997110845239663	0.000153356024084486	0.926378074821654	0.999992730499167
Pancreas.pancreatic PP cell	0.469497272675743	0.999996677827232	0.000129494919864282	1.37317416960167e-13	0.0136988457860559	0.999949442633239	0.529103257300869	9.36874986277419e-11	0.797436804669156	0.646522387961366	0.999955772172146	0.999949102749658	0.0014843584194281	0.998445165487019	0.999998674046151	1.65949366063044e-07	0.999999990879709	6.30748942731966e-08	0.999729680939613	0.99666190539402	0.304644515369062	2.49287685834585e-08	4.23281921156489e-06	0.997351436005195	0.000238926474271713	0.798330232363753	0.999949432155922
Pancreas.stellate cell	0.0403471356969612	0.999081519020643	0.988249718566169	0.0950500545696997	0.00201111522534078	0.998868323282507	0.314072277693387	0.96689668584685	0.764965221744557	0.648892709185932	0.999482832507928	0.998847894931002	0.524343858193564	0.982691576689029	0.999372320185193	0.931042938859527	0.975397041106132	0.699355475646117	0.99623858601779	0.999999953522571	8.44214109142556e-10	0.950260958567557	0.710747725961466	0.927690884571779	0.822529450780174	0.764045719177477	0.998860298181092
Skin.Basal IFE	0.0750230372216509	0.973843260579046	0.906096561952117	0.848125169694586	0.415177689973474	0.549502440377308	0.747752566467175	0.55920444362758	0.940583807122748	0.957431550684188	0.936820760523197	0.550642925140201	0.803745085384308	0.805504520460207	0.98335327209098	0.0755529788310966	0.956311755530711	0.611956811374625	0.901145044999937	0.341969751501925	0.139208627351021	0.941911989829281	0.350864304330757	0.91721833745739	0.624347935851308	0.94080756570849	0.549583296926484
Skin.Inner Bulge	0.224512942471673	0.826256892167106	0.880692023473902	0.302605794329753	0.262470283191478	0.930900303249752	0.8397236126685	0.32959525387952	0.767576574659117	0.978034724707701	0.892091154970055	0.930874850793346	0.927721922625316	0.602452741089824	0.995381406974671	0.409152282365422	0.963195936382691	0.179507841058533	0.856807980014244	0.992817442159084	0.219423794514501	0.4561502809672	0.709648528711722	0.797640982001824	0.848531363603321	0.76793413892249	0.930668346668199
Skin.Intermediate IFE	0.04358182667366	0.930919888548198	0.946368870604003	0.972598740373139	0.757163374755785	0.65000042731479	0.918926511661221	0.670182265655202	0.823970981606371	0.90726947036643	0.985859133870829	0.651556375106464	0.765808031457539	0.213369644778451	0.926182713637517	0.38126471755033	0.899275145149136	0.766740757193014	0.888907061520288	0.0201238014990024	0.618572496419514	0.925287274017457	0.59624699469073	0.848477509961337	0.502956202610797	0.823029568088113	0.650499368812251
Skin.Outer Bulge	0.354688828329017	0.994855845844168	0.957005418081938	0.225972042724559	0.37812921144814	0.984640021763045	0.837141408588453	0.207594442763837	0.680359889669115	0.983545096561296	0.979702111673613	0.984672844432069	0.938667650698566	0.949476080618192	0.99661024852011	0.153577177779281	0.994553558310344	0.0576614120178247	0.954608653569854	0.997809133793453	0.10182214931689	0.480419419379715	0.435479798752107	0.88833485884378	0.607969069782187	0.68067896146149	0.984601556960761
Skin.Replicating Basal IFE	0.136983524101619	0.999987884854604	0.689642182374977	0.714910478993086	0.649847141307514	0.990246398993896	0.617882540950232	0.125626599008632	0.194901888308594	0.907054423971185	0.999734907858776	0.990383751389252	0.0980504067396649	0.80477309453346	0.997850095448359	0.136077975079059	0.990269947156554	0.7454610899252	0.929959425670586	0.00072142071797029	0.384047656840241	0.758511806864724	0.137893082941065	0.996512168707375	0.276735476041087	0.194094647001087	0.990308612047947
Spleen.B cell	0.542171617403891	1.66527759847722e-20	0.803268666068275	0.986722065754421	0.706773347746491	1.96403115297084e-20	0.877939221943233	0.945380491413956	0.27615258822307	0.135254512425036	1.01746675252624e-20	2.05624635990645e-20	0.603426373268245	0.0504120149793125	1.83845263822952e-25	0.250614042773675	1.51246716537537e-08	0.572080846895846	4.51474944155915e-23	0.516664548138905	0.8443628877889	0.637876940618815	0.884664323398177	9.50467082453913e-16	0.162822952679368	0.277333781490776	2.01532055769495e-20
Spleen.T cell	0.495590230161012	8.53837258259861e-30	0.124804948647215	0.977068200320228	0.674556135274031	7.05948530967302e-18	0.2901123348907	0.919430941851453	0.680013953578088	0.202616921454801	5.20064729908217e-30	7.05380718530544e-18	0.856088575987655	0.365304259193931	5.43257035702911e-27	0.759414309315352	4.47879898587841e-05	0.958253545952773	3.05225627046768e-20	0.0394261525120754	0.976937174775405	0.951762670797612	0.947819618501482	4.73003865661423e-18	0.516052675557912	0.67960504488267	6.90870191395224e-18
Spleen.macrophage	0.852322784450926	2.15873004745817e-09	0.840344724931177	0.978448548343	0.945524534645512	7.90618295775224e-12	0.786646566045005	0.995499464381759	0.954867697475217	0.90011027230508	3.96712127109988e-11	7.82280355835481e-12	0.976673860052414	0.47349127902381	1.68423790570382e-17	0.999501413313022	3.37089874651976e-07	0.986447323473571	2.05260306700503e-07	0.214162482055942	0.991588899291097	0.998130927007127	0.968463169665895	3.80662532421752e-06	0.794254844105516	0.954665576265954	7.78262467893968e-12
Thymus.DN1 thymocytes	0.995088638164744	5.74440783304635e-20	0.652659948007516	0.999506379657288	0.994855012197808	2.50408460543137e-11	0.938200579683478	0.999767385234938	0.563256790411247	0.486653796323071	6.32027861959148e-20	2.53029506986351e-11	0.936045244158219	0.164537633316552	3.53737018431537e-15	0.974087187142719	8.05011379552572e-06	0.985455492841927	1.58273959103482e-11	0.228129042847676	0.999346975268676	0.997434467454798	0.978566202056891	1.79659973002971e-12	0.875928774738029	0.563063542525537	2.4890237635048e-11
Thymus.DN4-DP in transition Cd69 negative rapidly dividing thymocytes	0.765991350925265	0.00210074865884841	0.00977942145645406	0.383295601446135	0.795048459272275	0.10225633572636	0.625880331231188	0.304934092680487	0.0025884857364949	0.305440515625819	7.33110213693612e-05	0.102380912018527	0.403210071260307	0.61697041250823	0.000374838750940436	0.240648183338625	0.00153035806895713	0.396193254760053	1.49468317195035e-07	1.93945913083944e-08	0.918803399054169	0.102998765219443	0.905049635454046	0.00648669909764271	0.0102462604105658	0.00256684693020846	0.102154512019233
Thymus.DN4-DP in transition Cd69 negative thymocytes	0.927396808442366	4.51695524967628e-05	0.468348736067994	0.498256640766508	0.929523792967142	0.000784569673132633	0.832936668822624	0.74284534690112	0.824735411860433	0.736272682516742	0.00071328065691346	0.000794690128067623	0.872075099154795	0.898706346698177	0.000159130964600594	0.283838124478947	0.0397351292035212	0.164920641085267	4.11923374601536e-06	0.600207817944698	0.975208766509512	0.949910570908329	0.889132711926777	0.00058720649176048	0.280792072884959	0.824208697479984	0.000791444118388714
Thymus.DN4-DP in transition Cd69 negative thyomcytes	0.817719092142553	1.41655284969603e-05	0.0146878943171746	0.173975823692831	0.786207877572764	0.000494117645475859	0.783680677287741	0.576741616528388	0.604936668780787	0.322823716250411	1.71135533953326e-05	0.000501227697465823	0.427935136402296	0.672336117986246	6.88083988221655e-07	0.0787922053177914	5.91544565243622e-05	0.067346010569954	3.34237230857955e-06	0.0264809383389204	0.853782277571621	0.30261165145077	0.471561906330109	0.0015731699464259	0.101360888779202	0.604349059413716	0.000498043349682711
Thymus.DN4-DP in transition Cd69 positive thymocytes	0.702484706492399	3.0635418046055e-27	0.0732922832973267	0.83611539754008	0.736122913847779	3.15297387211044e-12	0.390432473419918	0.616429749699258	0.35762819906323	0.0970141980171939	2.25985187618054e-25	3.14482500558581e-12	0.90793059603602	0.397494345637111	1.31607542125564e-18	0.528336081038513	0.00011485501998106	0.944913509942829	7.40434760013986e-17	0.0539067213546736	0.98149655156563	0.689769160379793	0.679484414576733	6.81626474189712e-15	0.570121566363307	0.356821495739887	3.09750320041017e-12
Thymus.antigen presenting cell	0.792484498496455	1.36270424703555e-12	0.996847469133003	0.998350751646394	0.284677390038629	2.55531101763532e-10	0.98797006719924	0.990078574455874	0.281205637328825	0.0380138707564497	3.17586265415408e-15	2.67904601570632e-10	0.748625432006906	0.00771734443745534	2.739028064115e-14	0.736150045231221	5.68824279364649e-10	0.945685146485379	1.39166325720224e-15	0.671646658591279	0.710321239777925	0.74322782314177	0.976606994630186	5.27132820761712e-11	0.271406274155211	0.282026119059994	2.63497352933672e-10
Tongue.basal cells	0.00312521214931766	0.99581562414797	0.913159553682439	0.592014395056666	0.847582377544311	0.905154027172966	0.635377739775826	0.0181522289114809	0.977915464813191	0.859210191598607	0.968023297502921	0.905029613571646	0.737161827536888	0.941511615351608	0.999696289840753	0.201002329801569	0.992423773533986	0.377565242070521	0.976462175119589	0.00978889373426784	0.232630235605372	0.61453311685257	0.23280833872616	0.999835609346016	0.472568798071708	0.97808441324835	0.904977090961115
Tongue.differentiated keratinocyte	0.126378424728206	0.99954378551981	0.985373899446994	0.998558971187431	0.999084442137642	0.957671585305438	0.928976284373894	0.861920897589976	0.964085044168955	0.962549941710979	0.999930986867419	0.957523329535823	0.93209265242919	0.74586078824091	0.999005269256909	0.956693875506307	0.998394442077744	0.996533060113686	0.993928699549625	0.00419026619335422	0.97238175489952	0.995539620579533	0.976099379325539	0.999861650809519	0.623191696571485	0.964226162916079	0.957586133519909
Tongue.differentiating basal cells	0.112146626136082	0.984438160813745	0.992391502122467	0.919577451908623	0.988253862347422	0.755272407098173	0.981419140437226	0.463117934138682	0.958860134613779	0.981009397561421	0.998867750499404	0.755058635171234	0.835917561992965	0.968376692275778	0.999685006342497	0.910935207315546	0.981274499409689	0.916784854350554	0.942823143698632	0.0508640201240562	0.694625194376691	0.870253759241234	0.846099103749472	0.999420794841234	0.581448915815553	0.958994324426827	0.755134371491816
Tongue.filiform differentiated keratinocytes	0.0503713031924921	0.892015541080499	0.994354930317141	0.410239796935498	0.546531893558199	0.665304319108502	0.997177160420814	0.273945793332064	0.895633874453546	0.661038694743631	0.93079082739042	0.666865319084024	0.0860514442299258	0.956218721135465	0.993571035301271	0.601303565932652	0.733631502614331	0.601220428886168	0.999128351719294	0.0236783530023048	0.336757950800958	0.416282309977006	0.221915105817768	0.997976383966176	0.649727903391736	0.894702278712278	0.666078434475511
Tongue.proliferating	0.113061365723424	0.999987951406204	0.801422991002555	0.847554918945493	0.892450690643336	0.987709990712008	0.402872629518043	0.11999364374983	0.744975101958167	0.841108963330964	0.997799419554598	0.987672945737461	0.502012172151145	0.933356457679217	0.999906446805307	0.441149969396151	0.997731990010995	0.860827348950886	0.979857546255753	0.000254522214513345	0.514844043955378	0.803005933882928	0.409044226915686	0.999785503523675	0.50318626026074	0.745215337481335	0.987690639296511
Tongue.suprabasal differentiating keratinocytes	0.415379595833492	0.897690334805953	0.983540630527968	0.964373230510142	0.868031936237777	0.885988000912775	0.998321439383929	0.797007763756702	0.873510449542541	0.985910200257177	0.988661124991449	0.886786583939186	0.657395290140029	0.965658763509615	0.965798691241102	0.988255945704805	0.916687685105347	0.980764773115209	0.957250101957708	0.144439743332271	0.919454638428164	0.981650607372717	0.832163270460853	0.996489837549548	0.491704527330713	0.873477369376001	0.886307877896482
Trachea.blood cell	0.816927236051995	1.79082490263297e-21	0.680472568578104	0.999405281084406	0.800954829627401	5.49274847748053e-21	0.725287417020798	0.99670235686783	0.117925484619262	0.0250620220585087	9.56122018371347e-26	5.76818319192508e-21	0.838553502651835	0.00203000768536386	4.53207347871364e-16	0.868515914950866	3.23948585875905e-22	0.839102951319721	9.36985851145232e-16	0.00027961005553825	0.997657058545768	0.516850007740784	0.894492425612353	8.51085479318029e-09	0.877703549300846	0.118434494081375	5.62640779468706e-21
Trachea.endothelial cell	0.0211462761149499	0.211543852875029	0.590446302438154	0.692154320923809	5.08147805914079e-05	0.155958482959448	0.157603099169925	0.378867576086507	0.413183292396526	0.160551594758105	0.428243910360173	0.155746568605202	0.51840675933326	0.167806610254319	2.98772338053936e-05	0.226126897555588	0.000290055205369759	0.41478739535058	0.590539156593534	0.917608087953611	6.08386703696976e-10	0.486297004210648	0.768308480174474	0.235576057107895	0.808217802411844	0.412985598844179	0.156015012584488
Trachea.epithelial cell	0.468728557703299	0.518183062738292	0.9346206848608	0.115735467908407	0.502525005219069	0.637252540975166	0.0590849974517954	0.57219362927796	0.983237726353352	0.974716796433158	0.664921887533245	0.638092909340544	0.543969900674335	0.932061824555652	0.988339484806716	0.919908730824677	0.989924607651234	0.97034244525434	0.983113113549892	0.999671084374292	0.044640784176196	0.725301440033723	0.145760513209294	0.831242983184871	0.132478023045103	0.983347606927999	0.637681442574026
Trachea.mesenchymal cell	0.132609434926093	0.999965562239346	0.977682821497666	0.0988877888400524	0.522889002434502	0.761746740187046	0.589307398526476	0.702679003392406	0.955953843134443	0.947404551515585	0.999981964900762	0.760566725563999	0.368055420840369	0.998249268443271	0.999981776401589	0.500907650038085	0.999418932601749	0.347286911509388	0.994116139851817	0.999999976833309	5.61139340884173e-09	0.869590428588871	0.348213237340771	0.955016195260975	0.967769271489211	0.954751969946151	0.761017221764542
