cell_type	AF	AID	BD	BMI	Cardiovas	cd	CKD	College_edu	glucose_q	HDL_q	Hypothyroidism	ibd	insominia	LDL_q	Lymphocyte_count	MDD	Monocyte_count	Nrt_new	RA	RBC	SBP	Scz_new	Smoking	T1D	T2D_2	TG_q	uc
Bladder.Basal bladder epithelial cell	5.97384578362322e-05	0.984088240248323	0.976987866171868	0.672062428233844	0.792332640676769	0.996344155736739	0.080046794141891	0.624621224184267	0.877741014523763	0.839774897536689	0.998120761206754	0.996343914507486	0.0446152243417916	0.882357651563777	0.999983897599171	0.463109403291797	0.999999408108295	0.868514336685014	0.998772557525729	0.397365771090758	0.60859607964348	0.569985056611325	0.326766960806286	0.999993209793074	0.662737287818983	0.877436929026507	0.996344685484523
Bladder.Bladder mesenchymal cell	0.123142672415515	0.999704915520815	0.906484997802383	0.0361842929096662	0.533893493539825	0.570902292178356	0.547120496969094	0.744403945149941	0.419573572424981	0.542072641846331	0.999941853491972	0.571032064543639	0.415027112000239	0.908378617233245	0.999939282564597	0.497638946418619	0.999328892274464	0.487674733187605	0.887815108207819	0.999963742134359	0.000146740242220769	0.501033875217232	0.147292127512014	0.758861932160852	0.888715398857639	0.420734315276244	0.570930807763161
Bladder.Luminal bladder epithelial cell	0.0260277313369985	0.939422570749127	0.969598701808621	0.963754082679785	0.799688933732954	0.997389334365275	0.420657271411828	0.955891785394106	0.872143769467773	0.883811023863657	0.996693498033192	0.99740498546177	0.105916693638685	0.579555208884607	0.999980876898803	0.929912360371631	0.999999689459672	0.965935756326815	0.996811428640066	0.522221579969028	0.898378575514034	0.848438336020171	0.742408208583017	0.999756485809704	0.827755937371386	0.872027241374227	0.997390936844016
Brain_Myeloid.macrophage	0.970967649914251	3.99093970555976e-05	0.828316405648832	0.999913338153651	0.771804772222306	1.2083258145449e-07	0.904197796629888	0.999732050933755	0.16202913892218	0.0164747392570936	2.17177733195565e-07	1.21932802664403e-07	0.640989796046664	0.613807383312125	2.25239695398455e-07	0.999906711652903	3.34290436141869e-18	0.99706888581746	0.00758627019412599	0.111463070342857	0.999794308487264	0.997011990717256	0.98543987184099	0.00398643625249484	0.979674830489135	0.161788188490046	1.20853977526695e-07
Brain_Myeloid.microglial cell	0.977747928010698	0.0446908462726008	0.925070748875987	0.98913826536054	0.353305808872317	0.0267285186848653	0.800516680184596	0.995369136858305	0.723345840973228	0.258481906341685	0.00658798859420832	0.0268418078709438	0.878283720421989	0.846358665047279	0.0121395055019955	0.993939136249258	0.000216337882959747	0.971742110033104	0.546084628873142	0.606396742105896	0.947183696990029	0.981474418982308	0.90641503891959	0.101773665467659	0.91061617394207	0.723293875453392	0.0267273877376904
Brain_Non-Myeloid.Bergmann glial cell	0.647687457809146	0.998757121692197	0.000221228392819016	1.95444180089715e-06	0.894851751973141	0.999142850928275	0.54730881985412	2.91403972511322e-08	0.996648736937744	0.98966671608192	0.999995931184687	0.999147689357316	0.162379087774776	0.999877669809915	0.999994747274994	6.0030920905758e-06	0.99999998063023	5.8232850713686e-08	0.999999988477094	0.999999987901631	0.777005034581378	1.18612939281937e-05	1.79636484833642e-07	0.919975777156536	0.909458433237994	0.996679080091771	0.999142951801651
Brain_Non-Myeloid.astrocyte	0.749696034165207	0.989059417144086	0.000103451786043552	2.73066345283763e-06	0.99373648814556	0.990208150753595	0.476994840282516	7.70681933146e-08	0.951903505943698	0.906923862277194	0.999675320563021	0.990243314760107	0.294959495003339	0.999874080945043	0.999986998150672	0.00140862429760599	0.999999800660413	3.29267455201411e-07	0.999995752846083	0.999999997573858	0.926652527292976	0.00135990905441424	1.10251824915257e-05	0.899008162821337	0.880596430932011	0.952286918472439	0.990211000317158
Brain_Non-Myeloid.brain pericyte	8.57267045270718e-06	0.99658971579321	0.0370232075726802	0.00031348781524395	3.08922850226846e-10	0.996063513801898	0.00356086097533303	0.0174445639060363	0.0112858379969741	0.018388806825268	0.985195568907572	0.996087716626878	0.00172686988511227	0.60643247336535	0.705543647526332	0.79367329173028	0.453729575459334	0.125897642612768	0.990491523053633	0.611171259648945	6.96142598686828e-18	0.796360797936118	0.392950370792247	0.997680090063035	0.776963298439355	0.0116235279743277	0.996066827579346
Brain_Non-Myeloid.endothelial cell	0.0269001652499987	0.960219543839063	0.880275126094652	0.858151636588931	0.0468411654602147	0.240550076780601	0.383197705336557	0.89851103066096	0.137334793694927	0.402753027603226	0.973894706048225	0.240263869151554	0.454540780544866	0.377899610110027	0.223768174934412	0.458581779794251	0.375756355743389	0.689222446645583	0.977035567046894	0.960675498123001	9.309329257419e-06	0.848843768997908	0.584565372784676	0.817244209826967	0.959073374292766	0.138676424059656	0.240490149671814
Brain_Non-Myeloid.excitatory neurons and some neuronal stem cells	0.749855854057728	0.999997497954634	8.60881756793961e-18	2.99251984360254e-35	0.363216971239699	0.999954557400608	0.192285764558739	4.01484520906229e-33	0.823252682351535	0.755843178817381	0.999999834180962	0.999953634054353	4.60992124791689e-07	0.999999605368338	0.999999999995019	1.20982104023685e-24	0.999999999997856	1.91408731246324e-21	0.999999870619226	0.999999914014554	0.597247505357228	6.92189519234238e-29	2.37811992295836e-21	0.998968432380295	0.10518973181559	0.824099101577385	0.999954526405894
Brain_Non-Myeloid.inhibitory neurons	0.624807072582611	0.999997212633589	9.13669521987089e-19	4.06280100906898e-25	0.343152516646924	0.99953398448078	0.102676405966138	3.38123999790443e-33	0.979997195197611	0.896362645501523	0.999998287223338	0.999529973469782	5.53211768643848e-06	0.999999571590158	0.999999999998963	5.99497286429325e-22	0.999999999999123	2.29352045235175e-17	0.999999983643758	0.999999988540681	0.429954290458787	1.33440326739505e-22	5.71559798766261e-18	0.999836254612028	0.243250690053656	0.980189065219968	0.999533829586045
Brain_Non-Myeloid.oligodendrocyte	0.50849854279914	0.923092470784629	0.0175289294892729	0.00112669423862099	0.844604431723555	0.867890494057495	0.326483614723616	0.00210754751791961	0.460753081073445	0.553531632596148	0.952412795283375	0.867666749233805	0.00358950189996859	0.939265669413568	0.993843814322198	0.00642784268225938	0.892692649211241	5.19895478518001e-05	0.978022276064082	0.715558192885164	0.779568030751466	0.000413972067469436	0.000191476430486085	0.882904189280564	0.313059831357796	0.461174283699653	0.867855379173668
Brain_Non-Myeloid.oligodendrocyte precursor cell	0.863340180598365	0.999837860095604	8.56271766045692e-08	6.26145926901417e-19	0.835975153720288	0.999966370830374	0.44638369078239	2.79530157070755e-17	0.987201713270244	0.96235840243857	0.999999951848793	0.999966282890702	0.0032274621518197	0.99999959785971	0.99999999998214	3.60150681169833e-12	0.999999999999569	6.08054329768874e-15	0.999999912764806	0.999999999795123	0.719566589929279	2.89780617923339e-15	2.69201275813588e-16	0.960854874180325	0.624940363614435	0.987409247604216	0.999966354766249
Fat.B cell	0.859409911665594	7.38751940020012e-20	0.908372508159094	0.999217718100751	0.698121252755543	5.44984196341264e-17	0.802597586388016	0.961496553460683	0.57424295247395	0.191106185495307	5.84055414301359e-20	5.58928668617605e-17	0.654389589998016	0.270814624251894	9.22124761884868e-23	0.576412972543254	3.20495475320074e-07	0.54170887255799	4.41530861913922e-22	0.726658324226161	0.972081109445812	0.872672622657303	0.882031527996309	6.7681140750011e-14	0.109919802698431	0.572648613261366	5.44804069838243e-17
Fat.T cell	0.653208839901322	4.64207172165734e-39	0.219737607030735	0.993910371437634	0.736548576356848	3.84993499620597e-24	0.730639864566069	0.891352679479776	0.987152700674222	0.699889590624744	4.34181073996964e-37	4.00828410567155e-24	0.76891499846479	0.693981216947201	1.52313196519025e-23	0.669394102568133	4.93682689347127e-05	0.90910456935767	1.22784997445999e-23	0.0609572150016338	0.998763504326763	0.905375516045646	0.962814851336372	9.73595606875358e-19	0.886936503777145	0.987081405171331	3.84796525729796e-24
Fat.endothelial cell	0.0529011375720542	0.95127835526933	0.9232553075238	0.917431480905724	6.6734033576163e-05	0.723777371963566	0.479645228692072	0.967505338499057	0.073279728206696	0.0157753062057147	0.926723444753861	0.724007468237489	0.89054560142008	0.326838821816835	0.0102305474580824	0.670183419220455	0.0453723253268065	0.863670511132045	0.808270724943353	0.984407851906316	9.25786369139621e-07	0.974704144074296	0.975220226705909	0.545910497543707	0.906799428585468	0.0737995771803203	0.723754255853925
Fat.mesenchymal progenitor	0.124246300128606	0.999687392594871	0.97471177303034	0.521865080872362	0.588602950662925	0.726916747656859	0.808293193358826	0.977796111615575	0.621727989976883	0.851142050492602	0.999862078077201	0.72665614545728	0.837010972407936	0.941724838402955	0.999995251269447	0.724049479138777	0.997328116401183	0.844884684404725	0.981930313860046	0.999998440941545	3.13802432670068e-05	0.908175473203924	0.874893210633049	0.928454035923372	0.941673211132667	0.618238297234576	0.726919967015858
Fat.myeloid cell	0.973256537812123	1.79584706387877e-11	0.961143643445342	0.999999955764713	0.982631946330967	1.24266060026056e-16	0.772969853968814	0.999538862302505	0.3020837224201	0.00299487916141894	1.16825455335803e-13	1.27676757392037e-16	0.987254260861254	0.000575585383778795	3.312414379576e-11	0.994109525315641	2.37528943042406e-25	0.989039925785974	3.35362965855283e-08	0.0185546517010453	0.999974738295778	0.991979882203632	0.989928188509972	0.00103841974026672	0.997269852973839	0.300501364242209	1.24147223105545e-16
Fat.natural killer cell	0.994429090522185	5.48662282778427e-14	0.989878318359818	0.999540597883057	0.991008924018751	7.17169986873155e-17	0.924045739762534	0.999972205992138	0.992160548926345	0.978293442758238	1.91325404886343e-14	7.3647567798218e-17	0.972838837731656	0.559251117231118	3.26313590561312e-16	0.999705062223003	1.37645959121963e-06	0.977769463403128	3.33181942913006e-08	0.565392228791318	0.999813955076494	0.99991954920542	0.958935432060373	9.91264492053402e-08	0.978322542840163	0.992031013079411	7.16926055346207e-17
Heart.cardiac muscle cell	1.15576966165192e-05	0.999692097390319	0.67762042086818	0.411273745535229	0.027785739958965	0.998712736107033	0.0237888837795816	0.685042335527179	0.107306794928032	0.497051041105471	0.999588494195723	0.998703888465118	0.0232599805529125	0.594090108774215	0.997272077938869	0.714654434364498	0.993830512790186	0.818211892595869	0.999985094507466	0.813888539150972	0.048569375600969	0.771916117499433	0.512639067514587	0.998046384935977	0.0503255441866892	0.108949826845324	0.998711788214412
Heart.endocardial cell	0.375665269494818	0.999240342631483	0.852700696379475	0.97007103280041	0.127763806096635	0.996344718852645	0.673030226175232	0.999908144861116	0.34520073559021	0.394730344819317	0.999737404969129	0.9963235215326	0.938208265231618	0.220198916709432	0.992198380947985	0.922574947847364	0.83895411915694	0.95048050037329	0.731663329412919	0.992577769850564	0.000822557317488669	0.97413348323233	0.94952841508875	0.849000503860477	0.994642410171501	0.347901689679604	0.996345922805025
Heart.endothelial cell	0.156216897267024	0.993910325781276	0.991161851643173	0.985576633348428	0.00159655314461818	0.964653657096167	0.476197116912636	0.973855181719939	0.470959803692117	0.104088293969315	0.988097952908121	0.964730935522705	0.813763260782302	0.59062191135418	0.0654646473441628	0.63799170333213	0.227663051868658	0.816785951610755	0.863228120749784	0.990396467499379	6.99323091146661e-05	0.972532478655332	0.990639220005771	0.69319532206269	0.772189813983391	0.472374036177888	0.964652308244251
Heart.erythrocyte	0.964228948669359	0.999997323743594	0.959354844994522	0.17021729255328	0.903081108722024	0.995929473038023	0.271075318610573	0.0887688037924401	0.972976650363839	0.974945091280225	0.999990981280016	0.995942582313935	0.342921567886697	0.98994825592233	0.999999769613655	0.0512061158559956	0.999978820207529	0.313269733565183	0.999910298147029	0.999999733152963	0.856442351730751	0.392431038294353	0.416904506955298	0.974333765160911	0.512729968548195	0.973004817558091	0.995929424005212
Heart.fibroblast	0.546990258786277	0.999997247750335	0.992267809633517	0.91617892499726	0.481552415235605	0.999730743833246	0.619426007887729	0.999991784425107	0.937566217397232	0.998378592807253	0.999999785770139	0.999728785387046	0.93221426755022	0.993208109880626	0.999999995383811	0.928435999308764	0.999999321713663	0.983877807557764	0.994675317546364	0.999999997874053	0.000426168260700926	0.99193504362459	0.982257858105591	0.965545532797206	0.891457354984747	0.937200678262325	0.999730528251826
Heart.leukocyte	0.88259356452412	1.78262378728457e-05	0.958019902463544	0.999999529491404	0.904146018366827	9.38175590375791e-08	0.741850534803162	0.999972945161145	0.119781977890573	0.00437549032988087	1.06435386635992e-06	9.43764034061906e-08	0.949328030747179	0.0224243813051911	2.04514014614068e-07	0.999719084769842	4.45881252856405e-16	0.985057851743429	0.000185785971933038	0.138334479913984	0.99721860745595	0.995953442820903	0.999559558314488	0.00592177613407705	0.997943959018492	0.119604518833874	9.37290147858719e-08
Heart.myofibroblast cell	0.0592686346485565	0.998866157223456	0.94292960240088	0.0958453054568783	2.54733901489069e-06	0.99968040003822	0.0171424524141456	0.775864551135521	0.0407666604930369	0.184566817131212	0.983439901054926	0.999681463366472	0.113049980255145	0.644292780556484	0.542407852513073	0.57338354932601	0.202997873000616	0.658187379467904	0.977453108443127	0.99171718281373	6.68869751345004e-14	0.943728067251924	0.558069984004152	0.97221215121634	0.899569005089546	0.0414339960344462	0.999680377090231
Heart.professional antigen presenting cell	0.871898357375345	1.69933817946005e-11	0.87370874196435	0.959328708183278	0.978067454671537	1.25431626427931e-08	0.985432481505121	0.91947730684373	0.550590059894009	0.422718612304189	9.51588903096212e-18	1.28247520373225e-08	0.844745365862601	0.477682868036422	1.10403613835537e-07	0.73304051333199	2.85750326646302e-05	0.927542135223522	2.99906534420562e-08	0.693837491226079	0.999615226401096	0.720662064480315	0.93717945185375	8.48468399842684e-06	0.853228313170614	0.547619251235201	1.25351890033785e-08
Heart.smooth muscle cell	6.65531776319591e-05	0.999202070580405	0.493344278339753	0.0171316801597154	2.36314515528856e-07	0.998843264889433	0.00291578996893955	0.280448768983616	0.110982103196515	0.160707898676431	0.992732757174788	0.998838736028049	0.00757588587878164	0.855017064635492	0.91250197764589	0.808905097002695	0.831161818868887	0.590736182145355	0.991320066384811	0.970813876935841	4.71564517540437e-13	0.891715017473854	0.410676093826627	0.996988837453812	0.86206484607856	0.112492334430644	0.998843010268487
Kidney.endothelial cell	0.318021525370348	0.864701030804783	0.976218081696685	0.975099338112534	0.00215616904361339	0.827054682012886	0.469728121734335	0.999359560210618	0.51091172148371	0.229086599306986	0.923798614044097	0.827356072047026	0.792861540884984	0.393780487997075	0.106266222305025	0.690372837619013	0.252463593469087	0.69257766254441	0.249511424278422	0.999243084614047	8.77234000690903e-07	0.896298510114399	0.897540608085906	0.507814047575111	0.968421276673102	0.512398158228188	0.827047903726349
Kidney.epithelial cell of proximal tubule	0.790304433265235	0.839325624069307	0.806346162430014	0.999045910037991	0.893685439906425	0.796284195533744	0.00551204106386597	0.99840403374271	0.246341613826997	0.801192342779849	0.961257753240077	0.796484688941882	0.796305510403689	0.269156721298058	0.986818643055913	0.863178545329215	0.759757958033245	0.971280830673831	0.95396353082396	0.8743678158198	0.988662152310879	0.892804257872837	0.995039068671849	0.770817984549918	0.803138915294222	0.24769104161987	0.796282992758957
Kidney.kidney collecting duct epithelial cell	0.896498529709261	0.513525136212862	0.683516314292826	0.493760264978891	0.0321506485634486	0.995121944052187	3.41607756444188e-06	0.945736299498415	0.889845524193135	0.954827787635194	0.866930060714331	0.995127183043313	0.596491128641673	0.594036773387773	0.962406835546619	0.825463486393538	0.955099080927793	0.966066259192538	0.943984342360452	0.935175629439806	0.0566201822249256	0.811198823563403	0.933360906057638	0.886605551466832	0.499828905321791	0.890334715224156	0.995121959811862
Kidney.macrophage	0.831168716605734	4.71905741727334e-06	0.91786475286709	0.999972056212988	0.893980366082291	1.8620038071618e-15	0.527126886273991	0.999286615589954	0.232812903051396	0.071409173715308	1.59029050665581e-08	1.85476464472581e-15	0.879687526049026	0.242202290061388	2.37334984207011e-07	0.950819336436713	3.57898321497014e-17	0.899028212001014	2.67150257648196e-05	0.192273484200467	0.99985674501955	0.993393379416014	0.998096145849165	3.37954492436965e-05	0.976284147901794	0.232686321096115	1.85805876325683e-15
Large_Intestine.Chromaffin Cell	0.641126715956699	0.970611272306062	0.0824662519035682	1.57310594004622e-06	0.00872428747880977	0.996902701371351	0.161074851399744	0.000341595535192052	0.394724457624446	0.690198092674082	0.999229581399787	0.996856229534847	0.426279609408231	0.551632076462934	0.999896434318018	0.00570442185002516	0.999959082358142	0.00417300881525448	0.999375179183871	0.999448449191657	0.302840019540486	0.00633637704328713	0.0516639345999726	0.910776133336264	0.0413573173985745	0.397228099508625	0.996902388446412
Large_Intestine.Enterocyte (Distal)	0.957178525866401	0.559659028694685	0.561176228575115	0.999974690066487	0.754011371662759	0.780777079369191	0.570112135724051	0.98105093792585	0.845405391023617	0.938111877264046	0.975571642684315	0.781287699232546	0.994811836618066	0.0112231472199836	0.839449902877583	0.999842501272588	0.901980098105586	0.999755220175452	0.94950015020625	0.222899882133969	0.60105063034263	0.968280204188073	0.884476458274295	0.724739284323467	0.971791480078079	0.846188672585112	0.7807889396056
Large_Intestine.Enterocyte (Proximal)	0.905121918167474	0.383931999327961	0.58635741223147	0.995049338348262	0.528764751466688	0.580181451820555	0.648548144690414	0.891851772821702	0.142251342966877	0.290795651164473	0.881667486170914	0.579851724820342	0.991979596940216	3.63128649155007e-06	0.610278487853547	0.997882128521926	0.673785693932871	0.99724920795865	0.934311440281821	0.00991946042156562	0.703925183043024	0.7471611543958	0.959353112546267	0.532133567418474	0.668872040433976	0.143260395367702	0.58019863956826
Large_Intestine.Goblet cell (Distal)	0.938347575715566	0.693886103412593	0.521240040871615	0.974036984915423	0.878134430457831	0.995225036118796	0.383153061299431	0.991676563825856	0.243506229732363	0.236290277996554	0.976323457715214	0.995228734417247	0.797279743198293	0.00188496057301592	0.996328589152361	0.999933631822	0.994073320849288	0.988391865921145	0.852256589470511	0.020242076219406	0.926748728275952	0.892714990628207	0.90615102992171	0.626431883847536	0.449971066088643	0.245060560509665	0.995226033475136
Large_Intestine.Goblet cell (Proximal)	0.760239575703766	0.603192506752874	0.666673329826147	0.584999758422444	0.246765121806539	0.946356273158604	0.301731094934669	0.707328332958745	0.210162861376162	0.124953012172919	0.950571243698547	0.94672205824957	0.659308473311082	0.00328251216912193	0.981492845494762	0.997398286626502	0.974785988245533	0.840471943910298	0.923967968466564	0.0463861488504671	0.52302562712185	0.562070318267952	0.591658403617213	0.600454278344289	0.0711926608072282	0.211884883551719	0.946387550324466
Large_Intestine.Goblet cell, top of crypt (Distal)	0.921990568225711	0.355931181946048	0.484594153131127	0.997774463000162	0.767655250945736	0.798624040226784	0.495798727771127	0.925349975858416	0.933133884859377	0.971464787249742	0.876562917687502	0.799075840868638	0.979502425526538	0.145908610301928	0.951377763524318	0.999238820761988	0.975812976447816	0.982082373336995	0.885903113413475	0.738499047295496	0.744029135188621	0.99032823208373	0.979116828819902	0.384419785050025	0.763978642383382	0.933548375528125	0.7986875992595
Large_Intestine.Lgr5+ amplifying undifferentiated cell (Distal)	0.893634424492745	0.955919114254217	0.795845726974053	0.879043715086695	0.706669941536856	0.999976056925589	0.0305482590886948	0.992303546982982	0.115385021322843	0.248643187092326	0.993859069689105	0.999975753708787	0.681362549982527	0.0135116387117723	0.99860100835818	0.996510559812081	0.998701955307697	0.988078738802202	0.967123392623172	0.0217366182512532	0.929254707546936	0.979858986409696	0.855243357159005	0.737613994868024	0.0819300841568178	0.116380379338491	0.999976037974912
Large_Intestine.Lgr5+ amplifying undifferentiated cell (Proximal)	0.611575649073519	0.994477906238781	0.802960573172016	0.884859373893802	0.641506371405943	0.999967196622641	0.220672817287123	0.99369143057346	0.173061432002674	0.638810518892458	0.986929797769338	0.999966874347207	0.812180971951097	0.000819523204019393	0.972769522730308	0.952023166191655	0.995567742308712	0.980730169985845	0.940824995439929	0.000136028217846662	0.814200222760729	0.89392366655407	0.887901306872056	0.842990510437909	0.0430983193346553	0.173726094132201	0.999967181521224
Large_Intestine.Lgr5+ undifferentiated cell (Distal)	0.65030134996981	0.983768363809992	0.77946650418647	0.980270884511229	0.935613912730203	0.999994582071101	0.11375119037248	0.996031872988493	0.256510729499292	0.464879391960553	0.990643827720459	0.999994541815969	0.918777621784908	0.00224500914316284	0.999679391826795	0.999584021367359	0.997237615897391	0.998901361074047	0.986687327213872	0.0076341332274334	0.926573184132796	0.987972270488491	0.861802614166322	0.790490948405459	0.262595099450848	0.258202759063627	0.999994580574648
Large_Intestine.Lgr5+ undifferentiated cell (Proximal)	0.614619107338683	0.925324364581814	0.936851351833056	0.975134834849923	0.712800132471834	0.999588120542054	0.361565970032329	0.996759794129452	0.451451989840166	0.736318689210912	0.929361021656047	0.999584356535345	0.972155918990007	2.60670155034291e-05	0.983909855916028	0.995314606488872	0.995343744542714	0.995653922113922	0.949274079680095	0.00399151472602785	0.804424117001472	0.957075673290627	0.943428036324426	0.78064841853005	0.221737297713544	0.453476080554793	0.999588007982403
Large_Intestine.Lgr5- amplifying undifferentiated cell	0.421537356916561	0.915787010989469	0.942457521897087	0.468985954257128	0.306980398837694	0.931605213864466	0.057963800249853	0.809472490884754	0.282322378345371	0.964952151791568	0.822583166396508	0.931816114161998	0.900651242004961	0.00337860586843586	0.854361017545369	0.86794028447735	0.989295052050614	0.976807641850462	0.622444224980666	0.0471077476779504	0.11953651505065	0.987964367872957	0.580528080490307	0.265592672079961	0.0177206895538596	0.284050729775645	0.931661048479212
Large_Intestine.Lgr5- undifferentiated cell	0.833098114598421	0.46925438885722	0.949666937483444	0.602333214028642	0.400109857523191	0.658313017236315	0.135104485911331	0.831394807379739	0.872442222135328	0.992985453589997	0.535788865025544	0.6589910489718	0.849025959153202	0.0313912050383812	0.568185705666362	0.929410726241543	0.9750239187834	0.996422550726756	0.717130809072738	0.725497217596631	0.156412766596482	0.994035356167759	0.287456536248182	0.310656804126228	0.0100007567762489	0.873766474639826	0.658307730999692
Large_Intestine.Tuft cell	0.173642167494528	0.00446231000316826	0.184415577682404	0.00479528192895344	0.00265841669479117	0.000164113387009789	0.00522689645417249	0.0931791815292147	0.0366695910704975	0.0243376309661414	0.012755760924732	0.000163810942034666	0.433267995293191	0.0102527678014145	0.166310533243292	0.31666980119933	0.223109972671013	0.441267241570784	0.00630104719979257	0.052510415453424	0.000562787884659583	0.000119091896810757	0.0272765603498107	0.00058957553988101	0.373013298082642	0.0367006047345073	0.000164133176590195
Limb_Muscle.B cell	0.630525451211303	3.01000486655563e-20	0.638085678233781	0.987476424808843	0.648832564624209	2.10135133318159e-21	0.792303970286405	0.864429932570854	0.231963036228334	0.186115831337202	3.30416974160551e-20	2.18006515512679e-21	0.490005988335524	0.0583761887401585	1.92625920774673e-22	0.55075530331849	1.00978833540496e-07	0.358806723275882	5.12988318244934e-26	0.124977801040119	0.935028530459064	0.23882117030524	0.696599589668436	2.76027000854642e-13	0.0234655695797485	0.230662743870701	2.10042429952129e-21
Limb_Muscle.T cell	0.489916848435848	2.32277529826056e-31	0.0426987116766808	0.979146068896917	0.291739248876424	2.93512447833935e-17	0.0902371665319444	0.867542355853557	0.755084511404583	0.842915366131544	1.60191302596944e-27	3.04546109716947e-17	0.609339948166138	0.418153136390152	4.51889715310074e-16	0.195780043284479	0.000447088906388816	0.447649370252078	6.12922213349643e-16	0.0836813734637852	0.958314810192805	0.319726182106769	0.740978501876843	4.20293074956699e-16	0.601994407363765	0.753171214988822	2.93400399516485e-17
Limb_Muscle.endothelial cell	0.0604241482766909	0.726524929512747	0.844581423089175	0.921619191947503	0.000321296907233199	0.137786636964052	0.210366239612515	0.949210685739531	0.276098237766586	0.0705194439426305	0.702008269952219	0.138100605047458	0.739287084455286	0.356764615012953	0.00387143905220724	0.686252416919324	0.00899814587037666	0.881121490129576	0.65995695482815	0.983696841012895	5.03217418621698e-07	0.974808596233173	0.994917698666091	0.405591755012062	0.861829653811505	0.275550078876837	0.137777869231877
Limb_Muscle.lymphocyte	0.867311662951267	2.21927918388131e-25	0.708392078225972	0.999999826272068	0.911826705863986	1.08976738684182e-17	0.71590436285302	0.980874991264243	0.645288617358163	0.738438309745603	3.5771351940722e-26	1.12559151062426e-17	0.608900904964179	0.0688559766681436	6.27783862864486e-18	0.916923378618924	5.72782646398213e-05	0.776800057933484	9.57677206422211e-30	0.783341183855778	0.999405737565338	0.972435423402159	0.885517642790254	2.50188060722762e-11	0.290617976156918	0.643221389164329	1.08955949290295e-17
Limb_Muscle.macrophage	0.95010627304926	6.49708153623882e-05	0.964588216822065	0.999999844323902	0.994879294098162	3.39994779656252e-10	0.492274855556728	0.999990588692507	0.15168013088474	0.0162268034122157	3.40270520293525e-06	3.44181024340065e-10	0.980459664549627	0.00148105798155331	1.16916121772306e-05	0.999892124945365	5.67908522130628e-12	0.996048341618141	8.26786445692205e-05	0.32202377930424	0.999768771307358	0.997071612736352	0.997575666122782	0.0108498969641223	0.999829238425582	0.151452244362713	3.39846737000887e-10
Limb_Muscle.mesenchymal stem cell	0.543387150429194	0.997258097720428	0.994907817121109	0.929089230708416	0.913397276752011	0.659776136005283	0.745298912100612	0.969758993070388	0.996623729542533	0.984686489784434	0.998810168849487	0.658932033693532	0.793799100502188	0.986149320548265	0.999986450667852	0.796366318399096	0.996922991837702	0.93405323055401	0.977884960984709	0.999999998756653	0.00142518846071834	0.998846123187698	0.965035251525357	0.828155091836422	0.989330140997607	0.996580231557435	0.659750273925911
Limb_Muscle.skeletal muscle satellite cell	0.115918675972084	0.952741109937978	0.943947779571636	0.405745519289867	0.774877515133207	0.0596838975222349	0.539299613482592	0.797895930908376	0.932659037700164	0.915041744371376	0.668516726469765	0.0599078995871963	0.425553018901747	0.901961144827705	0.78491372319878	0.291797810880833	0.447006834119278	0.812493672293534	0.989506614223872	0.942070531696627	0.0876347627684448	0.75549498643845	0.846191208534887	0.539220762082799	0.516752874867688	0.932666475014994	0.0597233705956071
Limb_Muscle.skeletal muscle satellite stem cell	0.23060931496537	0.958847467483687	0.952489186994385	0.583100541905692	0.729558495511945	0.0793231636148569	0.738377306128591	0.898675370939406	0.8877511483111	0.948008319831518	0.522747461495813	0.0793319879494405	0.334735000265405	0.912615616297166	0.627472868725262	0.640145282701846	0.369715473700683	0.932353866617411	0.971975589696922	0.95462517415674	0.149560937246843	0.74975209853831	0.754366349793304	0.747293510386517	0.518652311621284	0.887773661990444	0.0793103511207969
Liver.B cell	0.873983309684035	1.84856860456525e-12	0.618348432993405	0.995897569015017	0.412673214972678	1.15174570788814e-06	0.810604009913252	0.959490001714225	5.0266381684543e-05	0.000540800851660219	3.47229925452146e-09	1.16867621225819e-06	0.757613276193832	1.75377841145678e-06	1.42746720789077e-10	0.842341155661507	2.2973008337156e-05	0.807860838813943	1.0841661347473e-09	0.206360188003144	0.983780647222163	0.983133627710712	0.955510484350654	8.04919021418595e-09	0.271757451364843	5.05891203127079e-05	1.15205251201915e-06
Liver.Kupffer cell	0.982939160828178	0.132501654009989	0.997142600018378	0.999997913410417	0.981653362123736	0.26324114151939	0.509058670485489	0.99997314755959	0.000115207901822379	0.0294314137174872	0.366287638155175	0.263633089269532	0.957050528516936	1.70145875594977e-05	0.274893235653896	0.999117503087832	0.00703192386937303	0.938725013626111	0.0842630095191337	0.716506574788491	0.999865537006799	0.999877095714291	0.981124897767079	0.165245101204909	0.998842560101843	0.000117345755405557	0.26323450603976
Liver.NK/NKT cells	0.976449146935136	4.23198015070246e-18	0.777978816881592	0.995696055565603	0.828423571512132	1.45415156615126e-09	0.446786653070275	0.998394994396453	0.00618378344058043	0.20666166406645	5.48099348389141e-20	1.48749810021241e-09	0.903780872032518	6.79800974666525e-05	3.28088715513304e-10	0.988222819976937	0.000581326465389456	0.985631623677034	8.22989258385328e-09	0.0918957015814727	0.999859424490406	0.99863136964447	0.99212364902212	1.07764964136072e-07	0.896049224497554	0.00620591490156622	1.45385011081679e-09
Liver.endothelial cell of hepatic sinusoid	0.603236750232597	0.774989071802486	0.998362606520601	0.989167491659245	0.0415856264680009	0.9975471190961	0.0927997174889191	0.998767944659612	0.0100603373813844	0.0590803590475054	0.86080279267518	0.997555525311522	0.972778338905024	0.0131875753763676	0.556715354532991	0.642312702687017	0.616014187964398	0.763640079125366	0.768481856988876	0.973179022954157	0.0145657597189014	0.942519501865758	0.869886214857425	0.817567381519712	0.742998115134629	0.0102456424252129	0.997548539955689
Liver.hepatocyte	0.948118980602853	0.918807854812638	0.949568177880076	0.997345821997849	0.863704757615453	0.999755954873713	0.279682664544988	0.997770659048741	5.84640783211445e-09	0.000155438461985814	0.94343502318961	0.999753006487783	0.624260396452399	5.51089198729084e-11	0.999995242993093	0.935990596594899	0.987213873248156	0.98067244494634	0.995432846089241	0.168550919582168	0.983703210983871	0.999002516632779	0.98813412399088	0.973097305346144	0.535346314215317	6.11175772574669e-09	0.999755676704425
Lung.B cell	0.519756739911325	2.47655359592829e-17	0.905680741493756	0.999783651316735	0.742747763967548	1.45674987380132e-14	0.91435178903956	0.874642285659259	0.461650886575549	0.0831935436131981	7.80710315925413e-18	1.4943871031884e-14	0.635507470187937	0.533080110351817	6.93516430162888e-23	0.692277612027194	1.79222654962065e-07	0.923101812838542	2.37285218318117e-21	0.716754402181312	0.981783140914015	0.679886911414216	0.939961416696774	2.947689488735e-14	0.119485129914169	0.457545280606527	1.45666682068172e-14
Lung.T cell	0.628057057666735	4.21024191615621e-27	0.134293097441223	0.985573968827749	0.712862117554069	1.4459937560927e-15	0.502006498034	0.776716771424889	0.938756471397306	0.551994502121817	2.13528926859407e-28	1.49041212528865e-15	0.690202517633475	0.256136561005516	1.39961778703907e-20	0.792009979674027	0.000208560322707118	0.933831314862754	1.82304492757152e-22	0.0668661067757098	0.998813260416014	0.955996729139277	0.879144872222449	2.44407963298814e-19	0.700596969986043	0.938016436907643	1.44547427254409e-15
Lung.alveolar epithelial type 1 cells, alveolar epithelial type 2 cells, club cells, and basal cells	0.779037027920078	0.471902262004877	0.622813303685321	0.828578258037165	0.584634665218559	0.880862485731965	0.0642016519477298	0.840952064252714	0.433415540988023	0.170348572776871	0.832089541314432	0.881127698559436	0.961326445457046	0.314465528261945	0.809790327100971	0.894326643755386	0.976177950364774	0.476707090950994	0.213818416581409	0.823393598838739	0.219378136637424	0.656750886056807	0.576697728652853	0.491870400203608	0.277539846374709	0.434441130238593	0.880906509615422
Lung.circulating monocytes	0.840616381893107	6.46410820017992e-07	0.563293839067663	0.93370162077919	0.329896468120628	1.46466710328599e-07	0.601724539789536	0.756457192772094	0.38256463509349	0.000881307282866099	6.01256875876149e-08	1.46960880084882e-07	0.973405149578169	0.00549640349715031	3.50588716278684e-17	0.92790452320491	8.94313032741249e-30	0.76957269318865	0.0009668285994675	2.99615378352087e-05	0.978945882708541	0.955506637235217	0.942432589300926	0.00204136390670036	0.880839808655956	0.380036638855601	1.46334147425115e-07
Lung.dendritic cells, alveolar macrophages, and interstital macrophages	0.943936082035144	3.38036484601953e-18	0.840266414732265	0.99999450792511	0.927156676880017	2.84526723235283e-10	0.920727736092215	0.999548709443086	0.223998909788918	0.15370028022901	7.46359096163177e-24	2.92284064091917e-10	0.955352419854428	0.00376454294267552	2.19051833437962e-12	0.990667525918263	1.67167758353751e-12	0.963924785713801	1.18949085351177e-08	0.122887155101815	0.999988961289624	0.908398910412287	0.988388832601803	3.28325357851285e-06	0.879460611171215	0.221634970986994	2.84413473745479e-10
Lung.invading monocytes	0.992026476997257	5.95654316656415e-06	0.925189699175136	0.999998869180724	0.979834470913475	7.64618890394183e-06	0.635400258037275	0.999989230943906	0.877595972153119	0.0114796059632129	1.26067113929535e-06	7.77386395158987e-06	0.990293285864013	0.0162782986934945	2.32839369731672e-09	0.99876623550251	5.38983423643584e-26	0.992599709258323	0.000737971456232397	0.000605668839935727	0.999862435432383	0.983070973909215	0.99898066908988	0.00250189522368957	0.998996304300589	0.87651837592847	7.64489338527122e-06
Lung.lung endothelial cell	0.290659481006991	0.907864944169013	0.78994083591687	0.843275896502282	0.0017539584060916	0.895686374142779	0.693250560558202	0.991812470400552	0.680126706531842	0.0336159459743468	0.745221704428975	0.895958600508144	0.870597733964545	0.235014558106847	0.021294341040427	0.646013270962405	0.038820096778545	0.341890041769582	0.573368400719315	0.992046914284212	7.29090482731048e-05	0.225114040292276	0.742660668354169	0.676530710620903	0.894500102164904	0.682193623483852	0.89568453387603
Lung.mast cells and unknown immune cells	0.989910365063843	0.185134529827646	0.999111031827222	0.999988898633399	0.999855913191743	1.895903580108e-07	0.832317558218498	0.999564463764041	0.932623862317611	0.658885004218314	0.248602251994189	1.89929577841169e-07	0.932779047121377	0.0596623148588159	0.00307269195118707	0.996941931210871	3.27012336652657e-11	0.904050456296112	0.0225569250881686	0.152353459928707	0.999999997232923	0.999988218675096	0.998458367186026	0.580230056485489	0.983873181912118	0.932455662895749	1.89458131079875e-07
Lung.multiciliated cells	0.743708880103148	0.978274199331286	0.995114807791767	0.646997190868438	0.75096573752874	0.99941655814268	0.566888577843744	0.605393199661694	0.99763826010511	0.988154674687777	0.98216546739447	0.999406709134573	0.929742555175693	0.926346050718187	0.997155289400292	0.874776532090742	0.996704678708117	0.800955892828937	0.852478142298655	0.571533934102805	0.999267802375221	0.932498977386498	0.904948049724413	0.856472831901182	0.667051344591647	0.997569671126238	0.999415804109162
Lung.natural killer cell	0.98475167336038	8.17834439146333e-11	0.880043223370278	0.993361877147016	0.988802006118976	3.62374676341404e-11	0.791993862469045	0.999946236278855	0.949230165849833	0.922433825631163	3.01067000314076e-12	3.70230449379794e-11	0.990581127257466	0.378453513477482	1.87713585768082e-15	0.995629150565446	8.93079470589747e-08	0.989398839813289	1.44431582509913e-07	0.25646143299903	0.999570102140883	0.99972360293761	0.915274282171122	9.50690866127493e-05	0.938123443912729	0.948729200487702	3.62302215209936e-11
Lung.stromal cell	0.20554643309207	0.999681517782325	0.999348584557643	0.414774249050139	0.193704811375421	0.897932970662677	0.595653956838147	0.998548410217613	0.453206154808948	0.941844058451876	0.999840452761343	0.897959748996244	0.664741063401759	0.82996611920812	0.999829835726573	0.524960477314909	0.999612040862098	0.827816642285172	0.99458265603354	0.999999980834255	4.61982661868076e-07	0.98545562469928	0.947434254172766	0.946689390781984	0.83718266616239	0.453805342972817	0.897938866017863
Mammary_Gland.basal cell	0.398565479292789	0.986833195523044	0.952607112248784	0.777853862662322	0.863408765457252	0.932371143245095	0.660747518631027	0.575911036203556	0.992202757384255	0.90366973904093	0.995590654136605	0.932765550570332	0.891850376450036	0.485529508035019	0.999139756860848	0.0606353266765484	0.999830185975944	0.183312829155892	0.951692615775762	0.930989989101966	0.0528348953215517	0.577915788313966	0.464039907137155	0.883670068728508	0.821766259176714	0.99224994399563	0.932414698490939
Mammary_Gland.endothelial cell	0.0360758680160918	0.513277441878271	0.796310772580926	0.968156326794592	0.00360234830788627	0.0449925954821753	0.180311842574817	0.973999985392934	0.355431250550887	0.133511832059035	0.770527254422333	0.0451606418840582	0.738481614100639	0.14437011354843	0.00214175602813472	0.73779821857071	0.00591416000126522	0.99670857661379	0.510656582529551	0.978024992593853	9.46850275756204e-07	0.95922905689959	0.9260846875745	0.230220702868416	0.879500794297479	0.356210026887965	0.0449890438564305
Mammary_Gland.luminal progenitor	0.401731064685628	0.681525555431541	0.987528661516717	0.992685276336568	0.974780458009582	0.768802704518785	0.0438356478819791	0.998724121791656	0.755994572957907	0.818727162478875	0.996983267165382	0.76965923688277	0.989943795939153	0.0844481863824924	0.999916310061045	0.50859697194092	0.998012751682427	0.9833340215824	0.562411394767188	0.361302779249933	0.829087827938557	0.987967327346933	0.907909754310533	0.824312451823765	0.737070900158622	0.755670709073038	0.768878001856998
Mammary_Gland.mature luminal cell	0.305224208887556	0.14764372159645	0.437204494884211	0.737873861820475	0.447953911271586	0.984505789701119	0.545978135468539	0.994959285533205	0.072255235717832	0.00195106974771051	0.512727627605823	0.984469689479119	0.460047071494572	0.00186564421389603	0.605970112163949	0.803749277002393	0.868833488575661	0.220548090303739	0.423220012304499	0.0104356369421037	0.296107743097709	0.291197667210307	0.963342387862396	0.37005775086056	0.111659561049645	0.0716768637787255	0.984507508949224
Mammary_Gland.stromal cell	0.223426035050212	0.996283921538894	0.997172439212082	0.888878323658702	0.720099620640645	0.641246340867819	0.415448608463401	0.94455821263277	0.943464376839175	0.956204690987635	0.998346142978925	0.641209440417632	0.940264043502538	0.922269239998255	0.99990955445378	0.821418323679756	0.998321227694708	0.89491570192913	0.827262499919873	0.999999997656757	1.45907330767258e-05	0.972385152497215	0.932025810109391	0.833268887453063	0.97501005197925	0.943571836666343	0.641299084364275
Marrow.Cd3e+ Klrb1+ B cell	0.45013843602624	5.07551048671727e-31	0.312442830840757	0.992126272702926	0.932588793093607	5.16979261716784e-20	0.76384135240491	0.880615685222368	0.370651019185661	0.131230421288153	5.2189167001162e-33	5.2351347599054e-20	0.503968394744185	0.00235934677693864	8.46794101108703e-33	0.802599314511242	1.38283138010603e-12	0.857624763225972	1.64230903457379e-23	1.31142269041799e-05	0.999931967176112	0.617981157369941	0.998493385056811	3.59799735934256e-15	0.0692608038475855	0.36527704356514	5.17924220580549e-20
Marrow.Dntt+ late pro-B cell	0.544848727371688	0.00161770900673502	0.0294779315741323	0.955391410015787	0.697782587596589	0.273946037674656	0.77076202416756	0.16634859330489	0.0174920285215859	0.393037421687241	0.000513972589708674	0.273765903588461	0.143105047143779	0.168573464255896	3.72811110792411e-09	0.403453193216591	0.000119286594454897	0.819967608292107	2.74820185545711e-07	3.21158821246208e-11	0.990568019063124	0.117098306455506	0.964623894033885	0.0170152635754139	0.00383859018633946	0.017300124016603	0.273955894538637
Marrow.Dntt- late pro-B cell	0.351137584768475	0.0127416652039947	0.0197730369639599	0.85896992427664	0.637774358160502	0.268259163319474	0.795120942300363	0.13504632088393	0.00765559698013981	0.224220651233446	0.00298188822873905	0.267822225171012	0.136693838213563	0.227444844048554	4.03455085336752e-07	0.209788449692153	0.00230599887805984	0.73864714765345	8.90541779245537e-06	6.40291980912084e-10	0.936630376577805	0.0734905546676751	0.870048908576861	0.0142087102928541	0.00461571152789122	0.00754414810156211	0.268160160983254
Marrow.Slamf1-negative multipotent progenitor cell	0.953653596330668	0.0547913844318978	0.073276120890778	0.875728992733727	0.155398783684976	0.0148700795866951	0.952859588259529	0.773310552114329	0.189860502647814	0.0860803960083085	4.47925199952118e-06	0.0147252505440401	0.773665058848293	0.0457898282109224	2.82257613791115e-09	0.612955261954605	2.93609117792113e-15	0.421846405971993	0.000187424935663063	4.44021153151492e-12	0.658129392741952	0.46590913016015	0.661182486221186	0.0743453468938947	0.472273311394085	0.187616240126418	0.0148515822093705
Marrow.Slamf1-positive multipotent progenitor cell	0.85100411976994	0.543144267524206	0.0699144905500567	0.781033389764653	0.158895812616915	0.161809918029741	0.958277137512455	0.470257720727231	0.0826774962375308	0.190900426366389	0.00970493043089674	0.160446881598059	0.31430323136616	0.417786916422273	7.57239616203183e-06	0.190835433451871	1.5311553221733e-09	0.580617862424168	0.00981859002782433	1.37241579681012e-13	0.638208364357987	0.41032644575267	0.622863070349353	0.457529116224611	0.10094493647122	0.0817496503962308	0.161729826523977
Marrow.basophil	0.396923612622166	0.00025503951637708	0.326902236977555	0.966127312260725	0.297833571765243	5.94046130884437e-07	0.542826729745742	0.922405497983592	0.0469617752788646	0.0207147889360962	2.01575570295723e-06	5.92248869935666e-07	0.406357741445822	0.00788791814983597	1.43617410652707e-16	0.945416032527919	1.63326344606499e-15	0.933572823139133	7.13116148615882e-09	1.26594345629697e-07	0.968590680086521	0.932283963421237	0.959134837177466	0.017509449321976	0.167037271994507	0.0462109146697402	5.93459779016473e-07
Marrow.common lymphoid progenitor	0.678426676914806	0.193668351539309	0.0449321446252408	0.675319008505522	0.0900561090385142	0.130437536405399	0.949676425648604	0.39646320845854	0.0147373328700664	0.157698029819627	0.000552085402709165	0.129710509797906	0.28728415980985	0.217918446041386	5.16549854866971e-07	0.321113803432938	8.15793012272755e-12	0.624097260741616	0.00290415456907687	1.75843636691706e-11	0.571548351007378	0.258339738801453	0.447724699117869	0.151780605584372	0.235563870576106	0.0145329288940876	0.130410464655588
Marrow.granulocyte	0.984292226629039	0.0241088377262823	0.93803216343649	0.994319299457459	0.998509596734147	6.8789833095499e-06	0.385166417132771	0.845423820242246	0.769548860815562	0.160519866878776	0.0253953131128753	6.95186426971438e-06	0.680302587409997	0.412036219092994	0.00394635913215458	0.97838360972471	1.8654848629223e-11	0.933906573459183	0.198571471957624	0.175777690336269	0.999925162752313	0.981483833708755	0.928421432457745	0.382692307060626	0.873634102060835	0.769310976804316	6.87815039768378e-06
Marrow.granulocyte monocyte progenitor cell	0.77351678387674	0.0278665068682003	0.0230865213440739	0.932425890137871	0.645139227699888	0.00409272846038375	0.934327615186817	0.785738368121176	0.0576225732188901	0.0367540595279682	3.52616023893262e-06	0.00406353081353283	0.51342563858075	0.0934598109361205	6.05462114323051e-07	0.720623314198875	3.43308045836315e-15	0.995061472914809	3.04602443361168e-07	2.02410262206146e-15	0.993230466516985	0.647383702267455	0.84840119454084	0.0141049648803346	0.116003867725579	0.0568457495943422	0.0040867320213943
Marrow.granulocytopoietic cell	0.924034385524811	0.0630013952224867	0.391600396009763	0.97786664423122	0.99274208171595	0.0403014412577172	0.759788386109695	0.595492405505337	0.0809532705674954	0.0222415781536816	0.00661445583596893	0.0401030643289987	0.428184627077	0.632906085302718	0.0539753523274309	0.995011003020196	2.19854514170494e-13	0.998207859497701	0.0409134804964025	4.18610828350147e-07	0.99896662629494	0.887630056493194	0.840301608339245	0.206347504996536	0.0547792796475166	0.080646007789269	0.0402960362769571
Marrow.hematopoietic precursor cell	0.541415121943279	0.00641347050202031	0.0696839352545433	0.478617189823302	0.0246011690222035	0.000389151441938086	0.978941855167176	0.266505643699159	0.328703433789563	0.0774829511882535	1.68348071307891e-07	0.00038587421313407	0.78747030291819	0.0410746181831272	2.0475626214474e-13	0.327202691553134	4.84641356976889e-17	0.222875770674031	0.000971537243935888	1.68713515258139e-06	0.175620047884672	0.119576969292748	0.52370749453911	0.0603945401279172	0.234048590553263	0.326106872902994	0.000389264130318411
Marrow.immature B cell	0.095306351037788	3.81627144029104e-14	0.42441575038584	0.924002835947056	0.528700209710474	7.48018317712051e-10	0.695028639200143	0.623702003986766	0.157050763910101	0.098532629017477	5.66208950616792e-15	7.66635257283199e-10	0.632283201779849	0.14329557726158	1.15836617942628e-26	0.166250286751129	2.93929976091705e-11	0.528404767412851	2.60556816126795e-17	0.0012261681763687	0.818265537158184	0.0828836742695543	0.952214308701	5.59526112866102e-08	0.0965373533358818	0.156360447021032	7.50641756070419e-10
Marrow.immature NK T cell	0.799943988895314	9.36310494644759e-24	0.749902913457757	0.991416857024898	0.994820852707092	5.5166090067306e-10	0.812073931063736	0.998870249105382	0.883886547581314	0.566777178669481	6.18039972274961e-18	5.49688884326827e-10	0.892585559488602	0.16233198763811	1.19486045464251e-21	0.96875841192985	2.45892278715067e-08	0.99262352307399	1.46396678438272e-13	0.00224201512206222	0.999857305897903	0.991652200380987	0.998404439732734	1.53379611905984e-06	0.943667927928208	0.882401699898012	5.50538512183646e-10
Marrow.immature T cell	0.200735232209445	8.55084013766897e-28	0.141187161635324	0.892808285938068	0.788417995116658	1.33759942289078e-19	0.474952010084052	0.839527308302515	0.592933231097502	0.324037495761272	5.07866904730158e-29	1.39366764374722e-19	0.572326225913271	0.2962143080362	4.7119047155512e-26	0.463956447079404	2.6177858744563e-08	0.677780950738674	8.13801131908383e-20	0.00624906512933031	0.9970333801972	0.725334621337818	0.967513419494852	7.51513354060679e-14	0.217774565527107	0.590339194225249	1.33875074567665e-19
Marrow.immature natural killer cell	0.982928582337393	6.8140802373067e-18	0.967771203492467	0.996648431805321	0.947599456021702	9.34529912565168e-14	0.830410118323762	0.998413980936592	0.760931451090076	0.337206239677814	7.5541387316219e-18	9.55951466370903e-14	0.894991606647749	0.364906952227472	5.56021979873388e-21	0.998657557209581	2.59924844301191e-09	0.997438588663596	5.28476754600669e-12	0.104676831517348	0.999132877799094	0.999820569289503	0.985525567882385	1.98017221005955e-08	0.931685096672701	0.757630821622624	9.33933785259936e-14
Marrow.macrophage	0.724864345917516	6.52354071850834e-06	0.324668328832942	0.557204145023208	0.103489343035979	3.2784568340085e-08	0.944203110432624	0.270073243935167	0.36515747203437	0.017074362468916	4.72584921951141e-09	3.32385915233369e-08	0.132261502165485	0.325649149700672	9.45474925605775e-10	0.491647233313975	2.07894486230173e-08	0.143453096191409	1.67996216170612e-06	0.00030672695648037	0.603642389235246	0.418880448541442	0.708262026187964	0.010066609272541	0.17700953905664	0.362601192915013	3.28468468994547e-08
Marrow.mature natural killer cell	0.576485996505085	1.06589052398408e-14	0.856066110346794	0.905280320678274	0.992722511880254	3.2121291513192e-13	0.95074755583001	0.983881787145833	0.615204423792226	0.35010930049652	3.17142018172637e-16	3.2489327792294e-13	0.748038182628328	0.164615885849045	1.04688561869833e-20	0.965396287585886	5.42643874915367e-09	0.968650557295512	7.05927072884528e-12	0.000210023849513517	0.998880150007144	0.963590274189101	0.88351196906618	4.49924893666784e-07	0.715184514306525	0.61058440896521	3.20677522539492e-13
Marrow.megakaryocyte-erythroid progenitor cell	0.696404948983711	0.231403731262769	0.0694251881476535	0.54707510816886	0.14489765310082	0.451779862539056	0.938149522159381	0.227536485110069	0.141213685947978	0.299117939503006	0.00346698071458658	0.450698497945628	0.183090715603209	0.186735415118827	3.52354163684034e-05	0.199428445845893	9.87950635833857e-07	0.175217109658392	0.0303632456595749	2.40358776601903e-11	0.545672748460908	0.466824426465137	0.45463722308131	0.653853743688807	0.28494834886935	0.140319904705827	0.45174263708878
Marrow.monocyte	0.938070587262658	0.00666741772734584	0.863444333916161	0.999996717048759	0.994843047077937	0.000708276129273991	0.916058124771347	0.998590822076651	0.608717016819886	0.023426460309844	0.000731373728633985	0.000706025948346479	0.939312654746864	0.257945166226122	4.85987193927984e-05	0.991975677986613	6.91965224087452e-22	0.999335731938907	0.00123716450944629	9.59243603281075e-07	0.999887066586437	0.878065968315953	0.999547611553388	0.139614632291734	0.924957614018865	0.605938816859162	0.000708078889720575
Marrow.naive B cell	0.454931599398197	1.56267028501442e-20	0.733722550196815	0.984187422519894	0.722108612375198	1.11407038592807e-18	0.732091808070484	0.683512290141623	0.369774201079149	0.0529026051104243	4.05323776669022e-21	1.14677721275892e-18	0.724361650276608	0.104694494083709	1.23368611428523e-26	0.251150704652759	2.64063155704341e-09	0.313135209150726	2.87175638301227e-21	0.398785492117003	0.895951159931755	0.526927884789557	0.873296249354513	8.45288403860607e-15	0.0579204156166295	0.366633845481956	1.11791097820966e-18
Marrow.pre-B cell (Philadelphia nomenclature)	0.363938301989438	1.36610563643665e-09	0.678583439424554	0.987263169829786	0.720683661501275	0.00018589120182353	0.75094786536916	0.320410011780342	0.89767856907496	0.640438183581361	1.16885096463819e-07	0.000187566930222298	0.784484272086522	0.24634060654581	1.06712021114125e-15	0.356676715456619	0.000296172816462838	0.575134156441194	7.18564887780501e-08	0.365134693874474	0.809410922069556	0.527302960704955	0.987604168862242	0.000304018301881564	0.553003536453214	0.897575388407964	0.000185944119935889
Marrow.pre-natural killer cell	0.733440274801954	4.88412712028331e-05	0.200789093415224	0.861537118302385	0.970382378694526	0.000666045658545394	0.89205143541919	0.667080817826748	0.0423110428590567	0.289921346485699	1.7111904356804e-06	0.000673158785824498	0.160981889652653	0.462526637337724	3.86628140533216e-08	0.754975629891559	0.000142476998386959	0.982967620662646	8.65472443582918e-05	1.90004667706076e-13	0.993264796072047	0.529870340775714	0.763661908174463	0.00656671835560383	0.126906861760431	0.0416646305429264	0.000666434633117649
Marrow.regulatory T cell	0.741177979757998	9.62296306284155e-32	0.219468231525993	0.980032163099498	0.705952730051673	3.7172329413358e-16	0.322157795290654	0.997393470715861	0.604926080042712	0.777697166144318	1.80925680498401e-33	3.83922290820565e-16	0.486392920648967	0.143545801214562	7.6787877756499e-17	0.796005729789493	0.00050984440437202	0.952675277292388	1.54152005967222e-17	0.120990616926906	0.963686839197132	0.842446006886619	0.967095724306447	3.33579132054919e-14	0.625477464788102	0.603800213492149	3.71724300892902e-16
Pancreas.acinar cell	0.622613392325908	0.609000179150367	0.472475142781014	0.088685957413287	0.149921658465705	0.956800784948719	0.439873601117255	0.331346306873999	0.313647000160735	0.501562110098073	0.783998002775109	0.956687786671611	0.266123913599057	0.461257806109817	0.928093837177145	0.473250563699416	0.988462215672986	0.592624406080517	0.815054875582694	0.648286992067497	0.822145582584407	0.929626456050314	0.266024163509786	0.468042347463603	0.646849291858416	0.315026302308307	0.95681667525516
Pancreas.beta cell	0.662802568676657	0.999999853703229	8.23685193111077e-05	2.78494865313309e-13	0.0212089146434659	0.999984167228217	0.444691873789191	1.23468438487494e-10	0.704364057487003	0.767013445340339	0.999857126767929	0.999983913799574	0.0366285685658408	0.994157461431186	0.999839575433806	0.000822781049336357	0.999999927688063	1.67941042121057e-08	0.999994387708395	0.937010369578153	0.685259235380264	7.3782038453962e-09	2.58185148800394e-07	0.992011587936257	3.06660877952066e-07	0.705009031068974	0.999984159960037
Pancreas.ductal cell	0.305938791373902	0.682010724481625	0.515183725018469	0.788106402598769	0.0963836711391507	0.999909597831911	0.024866521770754	0.701753935036199	0.469953173190772	0.616611088715221	0.984785973236242	0.999909488537104	0.732647005546751	0.70185787359641	0.998891822962327	0.345871782421939	0.997838685087297	0.190930914540263	0.993401150054659	0.998293646539993	0.0175748713010209	0.740653325548073	0.710739863728432	0.72266589827496	0.157223522120912	0.470332789179189	0.999909651390113
Pancreas.endothelial cell	0.265049087237188	0.944397712250384	0.962024022779682	0.734369137248769	1.78042296193865e-05	0.996492856518078	0.570705710601635	0.96555332662412	0.81619618129734	0.0568742489559469	0.928523481316414	0.996470849618674	0.771679701273274	0.459743261534052	0.0359378162096516	0.698590457530076	0.0291075068334658	0.404586982559082	0.877721403234214	0.945729329584047	1.84960756645207e-07	0.879723756841762	0.932367329352412	0.401442061518549	0.882509238821903	0.817100391093242	0.996492011273256
Pancreas.leukocyte	0.591856508467607	1.08627398495917e-11	0.832154972453671	0.99990925849687	0.509347636061603	4.86465634427012e-08	0.715117447582226	0.999460575695452	0.164084514388137	0.00541997731847852	9.44625669898566e-14	4.83427586256585e-08	0.816455795640859	0.108198563770898	7.36852055491158e-12	0.998024186784102	1.96924262773214e-16	0.963356354454879	5.79693747976157e-09	0.0208353270332052	0.99299762946854	0.975234160318383	0.999826739415245	0.000152968220278009	0.898317789602744	0.163007109948396	4.8596569276109e-08
Pancreas.pancreatic A cell	0.609135952220644	0.999966675616066	0.00063736986223874	2.39842675312415e-10	0.123331189206918	0.99988767465312	0.461682875623502	8.95545445007056e-09	0.944185559173617	0.96172691930938	0.999881632765428	0.999886735226738	0.0147350072782625	0.99850544128228	0.999995579714779	6.4463211936554e-05	0.999999981216526	4.37637482603524e-08	0.999433518346759	0.99833888132312	0.313017769310207	3.40470810208498e-08	0.000104379848557639	0.999311887466046	1.29767211176534e-05	0.944145975207505	0.999887684384208
Pancreas.pancreatic D cell	0.831563707010048	0.999999972975079	1.01669564578259e-07	4.52941975913989e-13	0.0392354826342683	0.999988730483656	0.180887254420395	1.09170370927747e-14	0.939161954999321	0.968475619020282	0.999998780182323	0.999988532021168	0.00449478329797747	0.999834429125327	0.999999998194573	1.02611135814728e-08	0.999999999999668	1.31998569691183e-07	0.999973217438947	0.999993654865348	0.313350712823329	9.04498714360725e-11	6.9361066839029e-07	0.997841157218656	0.000119259288048875	0.93913684052709	0.999988725988255
Pancreas.pancreatic PP cell	0.66358875396385	0.999992112148884	7.29449701294393e-05	5.25977020758738e-14	0.0170525418952588	0.999861233466367	0.331548235708535	8.72568958584765e-11	0.800255624744072	0.638567650204204	0.999957392194551	0.999860031840567	0.00262196689480313	0.997842196269534	0.999997979291435	7.03616907025776e-07	0.999999998044633	1.72574827884255e-07	0.999619131626351	0.989946524401488	0.324874435350894	1.40815750775354e-08	1.98066393179488e-06	0.998888311599994	0.000284312797014075	0.800136227699827	0.999861226133458
Pancreas.stellate cell	0.0486394576265366	0.997708114059253	0.991289757243692	0.0925855600163206	0.00163147611613127	0.998855817435761	0.34011213682005	0.947043533800277	0.726842802501567	0.606548869499191	0.999050250894526	0.998838077002331	0.559882460640535	0.975238949691975	0.999292184581354	0.913736018334806	0.982635935090221	0.756288064425393	0.996499039854515	0.999999883703933	2.91538150790124e-10	0.941327076152143	0.756186249150785	0.923598903190743	0.82930322089343	0.7284524706686	0.998855231483963
Skin.Basal IFE	0.0334158385712849	0.972120947049626	0.903172929877416	0.883176091022721	0.479973924642984	0.759942887579733	0.628746159411928	0.650777742491812	0.913107461792392	0.947163409799859	0.957116739646184	0.761083745492807	0.726316859660176	0.746110857928634	0.98062721038042	0.0703495727485171	0.950064084121636	0.57853044547264	0.881106737263703	0.275382196542808	0.130209665125811	0.907833650078923	0.396134659122052	0.875901577093776	0.748566223269091	0.913226555217791	0.760074738254408
Skin.Inner Bulge	0.127699800303883	0.874190216046096	0.899828606437648	0.310056487503896	0.323623595626587	0.980365445838525	0.781834586306944	0.408932905238965	0.711155357248013	0.973045076374843	0.940350574522408	0.980463881019002	0.890793574548592	0.559206470651735	0.996151215623159	0.391567818785337	0.963141799642344	0.151064707686269	0.881393618947165	0.992763978355212	0.300081111318885	0.358100453000128	0.692012666884422	0.773379894280197	0.775884798991379	0.711235286592351	0.980382284993055
Skin.Intermediate IFE	0.0200962635411848	0.944298083421854	0.951777417716693	0.982427480228479	0.761635923166609	0.727518509225788	0.792675327377278	0.741550988333571	0.76495478982962	0.828842189212257	0.994746867612291	0.728842103139808	0.755653093507924	0.251547069220395	0.943284631315717	0.408851127326848	0.937746519670038	0.761328177716287	0.848371533527231	0.00714750084897407	0.557613044536444	0.884468372166123	0.655508551219336	0.791584157538672	0.493747916263696	0.765074072677846	0.727648191531873
Skin.Outer Bulge	0.240433593890117	0.997156929827717	0.967647626360453	0.205957781327335	0.448165102294031	0.995516345218216	0.822613509481608	0.287000144079756	0.568371822658541	0.98402496401948	0.993104253190042	0.995549016213279	0.91805119370477	0.926347820934499	0.995855272052003	0.158623653816874	0.99374550008724	0.0421689322452153	0.965691542366512	0.997977212118831	0.16818726496609	0.363366264280604	0.36811144782821	0.901212344938569	0.514808030283364	0.56854228985069	0.995521375223688
Skin.Replicating Basal IFE	0.0959441046566532	0.999974207449329	0.712333170356055	0.754183254418981	0.643321200995577	0.996859341733818	0.525548979462088	0.18490512752734	0.145652229737345	0.872359455363502	0.999884420443979	0.996897351693915	0.0702226552904618	0.747905980833524	0.997361894839267	0.19853703651525	0.991144589375007	0.723909986913446	0.910952842435645	0.000306246332231777	0.336489230123458	0.724431599769947	0.225356150995992	0.991929427361388	0.289382524858997	0.145311926342905	0.996862166517573
Spleen.B cell	0.628716088995935	7.34144730194562e-20	0.823379596985301	0.99330707844885	0.687537785353195	3.55722806228182e-19	0.884061795392575	0.926689615045706	0.274921962953852	0.124182920095967	1.91201364238962e-19	3.65767586036324e-19	0.581238481194899	0.0810259538022214	4.67935216539786e-26	0.205812475700619	4.33854747688122e-09	0.603196002462441	2.53546798911273e-22	0.578846631714783	0.872486941444992	0.76867489119296	0.92577305142342	2.03142107622154e-15	0.112363034828796	0.272980862073909	3.5559137207587e-19
Spleen.T cell	0.468409571624565	5.67191101039811e-31	0.2024476674244	0.986680771912625	0.557438531332293	1.6993045082472e-17	0.346918059305954	0.901807173885015	0.72033448977096	0.234719847321769	1.57268202364306e-30	1.75045092843796e-17	0.841723393057626	0.401215468798897	1.59748090915514e-26	0.699802892350873	3.00417084461224e-05	0.94954152160882	3.82454277332321e-22	0.0441743248658014	0.985872845172201	0.953713038661863	0.942448156465431	2.59422638890723e-17	0.60972411576129	0.719164682895945	1.69867523953685e-17
Spleen.macrophage	0.865949763432869	9.97944292525161e-10	0.915805524642936	0.960679408236535	0.917017294880659	9.71829903663778e-12	0.854732759222306	0.998544369733507	0.969566972032386	0.897774407660168	3.08982194158279e-11	9.79359823813369e-12	0.95014104487005	0.478328497472876	1.92837624682034e-16	0.997262720363206	2.16932759405725e-07	0.979825215248641	6.15010399764709e-08	0.191078070349109	0.996784841824401	0.999083946555883	0.939751828057256	1.52742999872474e-06	0.82381053579922	0.968939431176581	9.70844124790914e-12
Thymus.DN1 thymocytes	0.99538192221671	5.18740404535773e-21	0.732071677946334	0.999224377029909	0.989977959564636	2.2673273593451e-11	0.970632429259029	0.999869814580048	0.515581439617091	0.44207333618765	3.55606295199582e-20	2.32189289536309e-11	0.91843536128498	0.189795075256143	5.81538182088203e-15	0.944899589398949	8.2842773476229e-06	0.982060558958957	3.23555241447027e-13	0.194205782663777	0.999852773412319	0.998632044540081	0.98823957791029	4.713397279364e-12	0.89520497807827	0.515481659627011	2.2666900086653e-11
Thymus.DN4-DP in transition Cd69 negative rapidly dividing thymocytes	0.760064225499309	0.0025286004836867	0.00724998892563545	0.497357356444297	0.822644544565326	0.0734155324861159	0.615755078348883	0.292414220085201	0.00169705494205389	0.235457006662652	7.81480353106339e-05	0.0736720313395692	0.342620352415002	0.639781691381053	0.00033637566065986	0.175699101072651	0.00186959059087454	0.462191023071336	3.54069028696287e-08	6.09887209084289e-09	0.898104570029701	0.114521627144098	0.885001668642314	0.0108476583488322	0.0154864881926191	0.00167136638212316	0.0734425179746737
Thymus.DN4-DP in transition Cd69 negative thymocytes	0.928158898066483	3.46578678913954e-05	0.420583847504642	0.601102886341374	0.935619196740272	0.000960641156449127	0.851253078885295	0.595030913821961	0.788404478140076	0.704517689046251	0.000493629088121773	0.000966204652771829	0.84623853921239	0.910418773735905	0.000268402072382574	0.236298778910519	0.0374156766948805	0.16098222463836	1.41713897730354e-06	0.593649350734322	0.973741212911507	0.946879760394816	0.855562700073989	0.00140321139569036	0.335511085639143	0.787312754274646	0.00096057808442965
Thymus.DN4-DP in transition Cd69 negative thyomcytes	0.86146754191347	8.79659042779541e-06	0.0138620220890962	0.258030751645956	0.747186411503131	0.000464398977181738	0.779028050212327	0.476880176733387	0.557502271504728	0.28266179926397	9.67647071449168e-06	0.000468686903956249	0.32923443435953	0.658058462598458	1.07709106207495e-06	0.0656450144380357	4.51705970765579e-05	0.0669875413330848	7.96398392890533e-07	0.0179160497766945	0.834701097136606	0.269884138559735	0.428928956887971	0.00440270274779034	0.135391625025237	0.555607784242034	0.000464598799170525
Thymus.DN4-DP in transition Cd69 positive thymocytes	0.663590649331596	1.53762004848221e-27	0.0868427594647054	0.889173784863453	0.702310194845829	1.78209811924193e-11	0.410161255429223	0.568653199600356	0.31152836806149	0.117259060197679	1.83180839981049e-25	1.81965636062016e-11	0.887485841887197	0.423251935055952	4.45496963881416e-18	0.476480452512377	6.33245695689075e-05	0.933371071287053	1.31969121969223e-18	0.0488059863217285	0.986419071596296	0.749576391094495	0.636370653970412	9.56472955900858e-14	0.642793741781891	0.311029405921077	1.78165306877647e-11
Thymus.antigen presenting cell	0.882059208438488	2.52557894282053e-11	0.99641346724467	0.999091997840351	0.31792703541482	1.61291129313493e-10	0.989633205810356	0.994960090788343	0.261043887440995	0.022304389164157	2.80480044009431e-14	1.65246888452205e-10	0.771235102701082	0.0117289707118335	1.76741146982876e-14	0.781031060773001	5.43759151796649e-10	0.965181448705765	2.66211227989339e-15	0.706048083202756	0.799727310135947	0.825757682532884	0.992217512520111	3.17712009731974e-10	0.322553384137559	0.261380541825007	1.61200267906071e-10
Tongue.basal cells	0.00187527292783054	0.998816562076299	0.911774911318515	0.478732825597387	0.797468333234494	0.929611800381837	0.588773397104958	0.0320898165826668	0.96641150798496	0.843733505120959	0.97941649528177	0.929665103403729	0.730673272233462	0.892802735566495	0.999345763328069	0.30911195504784	0.995281057787875	0.372750253551859	0.971591875955705	0.00454415066795215	0.250664410268918	0.514985655785974	0.128261156602051	0.999811237905987	0.473979851946269	0.966330110568705	0.929639912421899
Tongue.differentiated keratinocyte	0.138709203378639	0.999840620892669	0.986158209340903	0.996443153426684	0.998009564068123	0.94957050166014	0.894802520182003	0.85566143350183	0.950585529206898	0.925275721582503	0.999961703107187	0.949468157451088	0.950190457244625	0.700181903033513	0.999187072115309	0.978433633559295	0.999146149154795	0.995697980860924	0.993645140549875	0.00144403790805295	0.97614444426401	0.984645888083577	0.963768925451344	0.999783877770331	0.549497692567767	0.950726804028684	0.949574427915369
Tongue.differentiating basal cells	0.0713254293549078	0.992533535244449	0.994935280532825	0.853977259329926	0.987485844101396	0.80509567945261	0.968914284116952	0.476062009021057	0.927416966813321	0.972004285673444	0.99942839206879	0.804991384663867	0.829592897386619	0.953036265740427	0.999665891120641	0.936134886001142	0.984873450501477	0.8901448365256	0.92330025186505	0.0328193631811716	0.661832122949133	0.795925017521467	0.749465996156014	0.999438796495148	0.594529050188738	0.927536215150841	0.805115403357208
Tongue.filiform differentiated keratinocytes	0.0344101005020924	0.902568892140046	0.997100721429174	0.264448463009479	0.532279456634193	0.720459755297773	0.995744220100214	0.248298537161746	0.887571962310527	0.646986674636542	0.977975365127697	0.721475335884844	0.0986189671657939	0.959600559868095	0.9919072995725	0.735998124527517	0.718388375741478	0.452262957399556	0.997761544272272	0.0183364985896084	0.378249028771316	0.341830489142819	0.171982937320892	0.995536196848551	0.680664202699608	0.886283486023447	0.720539446344873
Tongue.proliferating	0.0970161803685696	0.999996705210222	0.787344745885851	0.829758483093575	0.867972343479307	0.989790495781147	0.324396494758626	0.206034016858659	0.686616793476831	0.838414516195045	0.998098989232536	0.989768242863137	0.483177901823917	0.881233206736117	0.999856137403271	0.60634524372971	0.998726833758878	0.893502530185045	0.974982571270836	6.06205130150938e-05	0.553329439002981	0.748435289960428	0.322374720669262	0.999704477096974	0.463300168657905	0.686528637244467	0.989791748870932
Tongue.suprabasal differentiating keratinocytes	0.387977751516662	0.956678984643492	0.985219787269616	0.914488229162071	0.887790499993612	0.881214481541053	0.997403584958095	0.791135525933936	0.870779641829601	0.970949903676152	0.996864403628399	0.88190954346546	0.728928515158175	0.954936049698723	0.969599420971791	0.992242344071995	0.917800007153425	0.976411952756802	0.961861248755967	0.116323637643751	0.931465239155035	0.969638305716199	0.745678557546421	0.995750541027755	0.431509129654966	0.870812863251172	0.881274386186317
Trachea.blood cell	0.804214265128412	5.24757844884667e-20	0.6299736978262	0.999511720351988	0.811101791102935	2.66092236603338e-21	0.672974247767884	0.996981025776629	0.174334780442451	0.0162132486241119	5.66137370787173e-26	2.76000979822298e-21	0.76980517454606	0.00130552056559815	3.58424771767373e-16	0.799095903215565	4.28878838054193e-23	0.822961743377108	4.79143836867074e-16	0.00102920051544072	0.997481119139144	0.544627663519645	0.869089951899448	9.04011234901661e-08	0.895922201256555	0.174157955164318	2.65819756718374e-21
Trachea.endothelial cell	0.0155613805918899	0.35560395543939	0.482514992895638	0.633922388369071	1.575348813391e-05	0.143648059411351	0.187740059088709	0.477394907889296	0.287989307504436	0.105996440646213	0.462871618656763	0.143294304998805	0.465883591568182	0.194155685985533	8.15045571232988e-05	0.294902109227832	0.000393697196335579	0.491976478939274	0.578144332389737	0.893208970131456	1.74609308758951e-10	0.432902940483351	0.783357280788989	0.29007223023172	0.780958776519496	0.28825969949395	0.143639307168762
Trachea.epithelial cell	0.550521111236008	0.587967904184241	0.899877984102235	0.0959226428578884	0.513965195935719	0.684397497182814	0.118663844928844	0.588686696218049	0.991570429079932	0.977774785931954	0.595753164919965	0.684938688376017	0.464179615930306	0.934715015740065	0.980727832714842	0.902135668510718	0.992414069218461	0.95454363910358	0.98709926829147	0.999704042256374	0.0611253997736948	0.67157611477362	0.227427054122347	0.803885200906333	0.120683447890887	0.991652573431463	0.684517593394303
Trachea.mesenchymal cell	0.0996035629634113	0.999924242114347	0.973284660579658	0.0642905722433354	0.402505484346156	0.844622200509486	0.59358287350315	0.58935481981074	0.886906445069752	0.945228026364918	0.999985619806294	0.844117599682773	0.364961384460056	0.99514134894489	0.999935691263041	0.548907235210445	0.999268805205698	0.436747337258085	0.995852807362573	0.999999792379438	1.21246485278305e-09	0.769618607790505	0.235164315914249	0.943517505434471	0.947591365946339	0.885113658937768	0.844626005275483
